0	639	639	220	0.344288	0.344288
1	1641	736	220	0.134065	0.298913
2	1309	0	0	0	0
3	1162	407	27	0.0232358	0.0663391
4	1390	93	0	0	0
5	1568	0	0	0	0
6	1599	1599	440	0.275172	0.275172
7	1433	0	0	0	0
8	1413	818	220	0.155697	0.268949
9	1616	0	0	0	0
10	1336	0	0	0	0
11	1299	1299	220	0.169361	0.169361
12	1664	0	0	0	0
13	1611	0	0	0	0
14	1645	545	220	0.133739	0.40367
15	1410	122	0	0	0
16	920	513	220	0.23913	0.42885
17	1562	562	0	0	0
18	1581	1432	220	0.139152	0.153631
19	1576	0	0	0	0
20	1259	0	0	0	0
21	1322	1322	220	0.166415	0.166415
22	849	849	0	0	0
23	1281	1281	220	0.171741	0.171741
24	1098	0	0	0	0
25	1192	0	0	0	0
26	715	640	220	0.307692	0.34375
27	1058	0	0	0	0
28	972	0	0	0	0
29	892	359	0	0	0
30	1929	0	0	0	0
31	1135	1135	220	0.193833	0.193833
32	1284	882	200	0.155763	0.226757
33	1006	1006	220	0.218688	0.218688
34	1283	1264	424	0.330475	0.335443
35	970	437	114	0.117526	0.26087
36	929	0	0	0	0
37	2047	2047	220	0.107474	0.107474
38	825	0	0	0	0
39	892	825	265	0.297085	0.321212
40	1144	446	220	0.192308	0.493274
41	620	0	0	0	0
42	1340	1340	440	0.328358	0.328358
43	916	916	3440	3.75546	3.75546
44	1013	0	0	0	0
45	462	0	0	0	0
46	1507	1000	220	0.145985	0.22
47	611	611	220	0.360065	0.360065
48	859	859	660	0.768335	0.768335
49	1240	0	0	0	0
50	951	951	220	0.231335	0.231335
51	1430	0	0	0	0
52	1092	0	0	0	0
53	1121	745	220	0.196253	0.295302
54	1400	0	0	0	0
55	1127	0	0	0	0
56	1189	0	0	0	0
57	1052	243	103	0.0979087	0.423868
58	1466	852	220	0.150068	0.258216
59	858	39	0	0	0
60	906	716	220	0.242826	0.307263
61	1376	0	0	0	0
62	729	0	0	0	0
63	1424	719	420	0.294944	0.584145
64	1241	879	220	0.177276	0.250284
65	1099	306	86	0.078253	0.281046
66	961	852	220	0.228928	0.258216
67	1281	0	0	0	0
68	862	747	220	0.25522	0.294511
69	918	918	70	0.0762527	0.0762527
70	660	660	0	0	0
71	1155	0	0	0	0
72	846	137	0	0	0
73	1301	1301	440	0.338201	0.338201
74	1547	1547	220	0.142211	0.142211
75	1338	475	0	0	0
76	850	0	0	0	0
77	1223	64	0	0	0
78	1168	156	0	0	0
79	1500	1500	393	0.262	0.262
80	1243	0	0	0	0
81	1255	697	257	0.204781	0.368723
82	905	0	0	0	0
83	1309	0	0	0	0
84	735	0	0	0	0
85	1160	1160	220	0.189655	0.189655
86	1314	0	0	0	0
87	1137	790	0	0	0
88	1328	1184	344	0.259036	0.290541
89	1513	254	0	0	0
90	1465	1465	220	0.150171	0.150171
91	1271	434	0	0	0
92	1462	462	0	0	0
93	1354	0	0	0	0
94	1598	787	220	0.137672	0.279543
95	3058	1591	880	0.28777	0.553111
96	2273	2273	220	0.0967884	0.0967884
97	1470	0	0	0	0
98	1910	1000	220	0.115183	0.22
99	1853	1853	15837	8.54668	8.54668
100	1244	734	220	0.176849	0.299728
101	2020	0	0	0	0
102	1502	0	0	0	0
103	1749	0	0	0	0
104	2890	0	0	0	0
105	1919	0	0	0	0
106	1702	1702	361	0.212103	0.212103
107	1689	1689	236	0.139728	0.139728
108	2110	2110	574	0.272038	0.272038
109	776	0	0	0	0
110	999	14	0	0	0
111	1259	0	0	0	0
112	2504	0	0	0	0
113	520	0	0	0	0
114	2605	876	196	0.0752399	0.223744
115	835	0	0	0	0
116	779	399	59	0.0757381	0.14787
117	1316	433	0	0	0
118	974	946	220	0.225873	0.232558
119	1912	1000	220	0.115063	0.22
120	2085	1000	220	0.105516	0.22
121	2548	2335	440	0.172684	0.188437
122	1616	1000	220	0.136139	0.22
123	1970	1053	220	0.111675	0.208927
124	2307	0	0	0	0
125	1809	0	0	0	0
126	1506	0	0	0	0
127	1661	1661	1911	1.15051	1.15051
128	3872	0	0	0	0
129	726	726	53	0.0730028	0.0730028
130	1222	905	640	0.523732	0.707182
131	1471	0	0	0	0
132	1630	1630	1522	0.933742	0.933742
133	1379	785	220	0.159536	0.280255
134	1467	1077	220	0.149966	0.204271
135	1645	846	440	0.267477	0.520095
136	1885	943	220	0.116711	0.233298
137	1563	193	0	0	0
138	1210	1210	0	0	0
139	1334	0	0	0	0
140	1187	950	220	0.185341	0.231579
141	1406	0	0	0	0
142	1065	0	0	0	0
143	1238	835	0	0	0
144	1552	217	0	0	0
145	1559	0	0	0	0
146	1306	349	0	0	0
147	1350	1350	660	0.488889	0.488889
148	1435	0	0	0	0
149	1614	758	440	0.272615	0.580475
150	827	560	20	0.0241838	0.0357143
151	1903	0	0	0	0
152	1337	1337	1777	1.32909	1.32909
153	1461	1082	202	0.138261	0.186691
154	1042	0	0	0	0
155	1648	0	0	0	0
156	1208	478	220	0.182119	0.460251
157	1430	713	220	0.153846	0.308555
158	1363	879	0	0	0
159	1693	195	0	0	0
160	1203	1039	220	0.182876	0.211742
161	1198	335	0	0	0
162	1363	0	0	0	0
163	1506	653	0	0	0
164	2339	600	0	0	0
165	2166	584	244	0.11265	0.417808
166	2250	230	0	0	0
167	1334	0	0	0	0
168	1818	0	0	0	0
169	2011	2011	798	0.396818	0.396818
170	2163	1361	220	0.101711	0.161646
171	1743	0	0	0	0
172	1329	0	0	0	0
173	1296	1296	7345	5.66744	5.66744
174	1072	0	0	0	0
175	1803	1577	660	0.366057	0.418516
176	1591	0	0	0	0
177	937	937	220	0.234792	0.234792
178	970	0	0	0	0
179	1462	0	0	0	0
180	1560	0	0	0	0
181	1687	473	33	0.0195614	0.0697674
182	1610	758	220	0.136646	0.290237
183	1641	1641	1080	0.658135	0.658135
184	1468	293	0	0	0
185	1727	1727	496	0.287203	0.287203
186	1303	1303	225	0.172678	0.172678
187	1806	1806	220	0.121816	0.121816
188	1541	0	0	0	0
189	1564	1000	220	0.140665	0.22
190	672	0	0	0	0
191	1593	643	0	0	0
192	1004	0	0	0	0
193	1042	710	0	0	0
194	1800	1647	440	0.244444	0.267152
195	1304	0	0	0	0
196	2487	0	0	0	0
197	1358	1048	220	0.162003	0.209924
198	1264	0	0	0	0
199	1022	1022	3268	3.19765	3.19765
200	1992	1786	440	0.220884	0.246361
201	592	478	0	0	0
202	1904	1904	679	0.356618	0.356618
203	1505	0	0	0	0
204	1649	1611	220	0.133414	0.136561
205	1509	0	0	0	0
206	1762	1762	220	0.124858	0.124858
207	1712	988	220	0.128505	0.222672
208	1527	0	0	0	0
209	1153	0	0	0	0
210	1355	1355	220	0.162362	0.162362
211	1412	806	220	0.155807	0.272953
212	1017	1017	2190	2.15339	2.15339
213	1255	378	18	0.0143426	0.047619
214	1015	0	0	0	0
215	1562	1562	220	0.140845	0.140845
216	1920	0	0	0	0
217	1626	1363	220	0.135301	0.161409
218	932	932	2522	2.70601	2.70601
219	1340	1340	7080	5.28358	5.28358
220	1224	0	0	0	0
221	514	514	0	0	0
222	484	484	3032	6.26446	6.26446
223	875	0	0	0	0
224	1024	0	0	0	0
225	720	0	0	0	0
226	2231	1231	220	0.0986105	0.178716
227	1266	1255	315	0.248815	0.250996
228	785	785	0	0	0
229	855	0	0	0	0
230	1638	1254	220	0.13431	0.175439
231	1531	958	220	0.143697	0.229645
232	1009	682	42	0.0416254	0.0615836
233	1320	0	0	0	0
234	1421	1421	62	0.0436312	0.0436312
235	560	560	1124	2.00714	2.00714
236	1021	1021	4717	4.61998	4.61998
237	1019	1019	1520	1.49166	1.49166
238	1822	1822	10026	5.50274	5.50274
239	1019	1019	440	0.431796	0.431796
240	1703	1645	220	0.129184	0.133739
241	1111	846	200	0.180018	0.236407
242	614	614	220	0.358306	0.358306
243	742	742	332	0.447439	0.447439
244	1337	0	0	0	0
245	1222	0	0	0	0
246	1551	119	0	0	0
247	1305	0	0	0	0
248	1122	663	200	0.178253	0.301659
249	709	580	20	0.0282087	0.0344828
250	2028	1018	158	0.0779093	0.155206
251	1197	1197	4174	3.48705	3.48705
252	1325	325	0	0	0
253	453	453	156	0.344371	0.344371
254	858	858	0	0	0
255	1405	804	220	0.156584	0.273632
256	751	0	0	0	0
257	663	663	2216	3.34238	3.34238
258	612	612	4224	6.90196	6.90196
259	1332	0	0	0	0
260	1048	930	220	0.209924	0.236559
261	967	450	220	0.227508	0.488889
262	782	0	0	0	0
263	1164	1164	4706	4.04296	4.04296
264	632	0	0	0	0
265	606	0	0	0	0
266	1105	303	0	0	0
267	1102	0	0	0	0
268	721	721	1931	2.67822	2.67822
269	1898	1325	860	0.453109	0.649057
270	1599	1428	220	0.137586	0.154062
271	501	0	0	0	0
272	1588	0	0	0	0
273	909	73	0	0	0
274	613	613	147	0.239804	0.239804
275	816	0	0	0	0
276	321	0	0	0	0
277	648	0	0	0	0
278	609	0	0	0	0
279	1109	0	0	0	0
280	759	0	0	0	0
281	1545	0	0	0	0
282	1367	0	0	0	0
283	1602	224	0	0	0
284	2211	0	0	0	0
285	524	0	0	0	0
286	1137	1002	22	0.0193492	0.0219561
287	1449	1449	5134	3.54313	3.54313
288	1438	684	0	0	0
289	757	618	220	0.290621	0.355987
290	1473	1473	649	0.440597	0.440597
291	1117	910	30	0.0268577	0.032967
292	720	0	0	0	0
293	778	778	8328	10.7044	10.7044
294	1323	351	220	0.166289	0.626781
295	1712	508	220	0.128505	0.433071
296	881	315	195	0.221339	0.619048
297	1258	1258	91	0.072337	0.072337
298	681	3	0	0	0
299	1898	1898	440	0.231823	0.231823
300	525	295	0	0	0
301	709	0	0	0	0
302	428	428	217	0.507009	0.507009
303	1045	0	0	0	0
304	700	0	0	0	0
305	705	705	1424	2.01986	2.01986
306	440	440	104	0.236364	0.236364
307	748	748	220	0.294118	0.294118
308	1355	0	0	0	0
309	1819	0	0	0	0
310	1311	0	0	0	0
311	770	0	0	0	0
312	704	0	0	0	0
313	1023	894	334	0.326491	0.373602
314	974	974	0	0	0
315	705	0	0	0	0
316	2149	315	55	0.0255933	0.174603
317	2976	0	0	0	0
318	1200	0	0	0	0
319	883	71	0	0	0
320	902	281	181	0.200665	0.644128
321	1674	0	0	0	0
322	1127	176	0	0	0
323	714	0	0	0	0
324	521	0	0	0	0
325	1037	613	0	0	0
326	967	336	0	0	0
327	709	709	0	0	0
328	595	595	220	0.369748	0.369748
329	1133	907	220	0.194175	0.242558
330	1453	1000	220	0.151411	0.22
331	1224	640	180	0.147059	0.28125
332	1606	347	0	0	0
333	1704	0	0	0	0
334	1041	0	0	0	0
335	1046	1046	220	0.210325	0.210325
336	881	130	90	0.102157	0.692308
337	820	474	34	0.0414634	0.07173
338	1260	0	0	0	0
339	1013	284	144	0.142152	0.507042
340	1454	0	0	0	0
341	858	0	0	0	0
342	1690	480	0	0	0
343	889	503	220	0.247469	0.437376
344	1066	50	0	0	0
345	1215	1215	220	0.18107	0.18107
346	1321	0	0	0	0
347	1012	1012	182	0.179842	0.179842
348	602	0	0	0	0
349	677	677	0	0	0
350	505	0	0	0	0
351	800	0	0	0	0
352	722	0	0	0	0
353	1564	0	0	0	0
354	1624	1624	195	0.120074	0.120074
355	615	615	0	0	0
356	1022	1022	220	0.215264	0.215264
357	1810	0	0	0	0
358	1664	41	0	0	0
359	1020	505	0	0	0
360	969	200	0	0	0
361	847	365	0	0	0
362	1064	0	0	0	0
363	957	0	0	0	0
364	1724	0	0	0	0
365	1713	1713	220	0.12843	0.12843
366	603	173	0	0	0
367	767	354	0	0	0
368	781	0	0	0	0
369	1024	1024	440	0.429688	0.429688
370	772	640	20	0.0259067	0.03125
371	938	938	420	0.447761	0.447761
372	872	872	220	0.252294	0.252294
373	929	0	0	0	0
374	556	556	525	0.944245	0.944245
375	526	0	0	0	0
376	824	0	0	0	0
377	986	203	0	0	0
378	1173	1173	9356	7.97613	7.97613
379	1401	1401	6759	4.82441	4.82441
380	2748	2139	660	0.240175	0.308555
381	2170	0	0	0	0
382	1687	1116	436	0.258447	0.390681
383	2166	1000	220	0.10157	0.22
384	1431	628	168	0.1174	0.267516
385	531	531	351	0.661017	0.661017
386	3237	1237	338	0.104418	0.273242
387	731	373	153	0.209302	0.410188
388	758	301	121	0.159631	0.401993
389	1876	1626	526	0.280384	0.323493
390	992	992	926	0.933468	0.933468
391	703	703	4727	6.72404	6.72404
392	704	0	0	0	0
393	643	643	347	0.539658	0.539658
394	811	811	220	0.27127	0.27127
395	654	291	0	0	0
396	999	0	0	0	0
397	1089	320	0	0	0
398	905	634	220	0.243094	0.347003
399	786	298	0	0	0
400	751	40	0	0	0
401	898	0	0	0	0
402	1418	1000	440	0.310296	0.44
403	1158	0	0	0	0
404	964	964	359	0.372407	0.372407
405	1015	0	0	0	0
406	866	866	220	0.254042	0.254042
407	850	121	121	0.142353	1
408	945	0	0	0	0
409	850	0	0	0	0
410	1062	0	0	0	0
411	733	0	0	0	0
412	971	522	220	0.226571	0.421456
413	632	0	0	0	0
414	721	0	0	0	0
415	1101	675	355	0.322434	0.525926
416	1148	1148	400	0.348432	0.348432
417	1113	1113	424	0.380952	0.380952
418	607	607	631	1.03954	1.03954
419	838	554	0	0	0
420	641	641	5782	9.02028	9.02028
421	906	906	5356	5.9117	5.9117
422	1075	1075	11136	10.3591	10.3591
423	854	655	215	0.251756	0.328244
424	514	514	133	0.258755	0.258755
425	1754	1754	437	0.249145	0.249145
426	1213	0	0	0	0
427	605	605	0	0	0
428	1275	1275	440	0.345098	0.345098
429	739	739	640	0.866035	0.866035
430	1056	439	279	0.264205	0.635535
431	557	557	3973	7.13285	7.13285
432	653	653	832	1.27412	1.27412
433	562	562	0	0	0
434	503	503	2380	4.73161	4.73161
435	639	0	0	0	0
436	1036	0	0	0	0
437	554	554	127	0.229242	0.229242
438	1199	1199	13701	11.427	11.427
439	549	17	0	0	0
440	2100	0	0	0	0
441	512	506	166	0.324219	0.328063
442	801	597	220	0.274657	0.368509
443	599	599	1332	2.22371	2.22371
444	513	513	634	1.23587	1.23587
445	1637	1637	433	0.264508	0.264508
446	1200	1200	440	0.366667	0.366667
447	850	850	620	0.729412	0.729412
448	349	349	305	0.873926	0.873926
449	699	699	11105	15.887	15.887
450	1301	1301	440	0.338201	0.338201
451	374	374	548	1.46524	1.46524
452	899	841	0	0	0
453	899	899	440	0.489433	0.489433
454	900	900	220	0.244444	0.244444
455	1238	1238	220	0.177706	0.177706
456	899	317	0	0	0
457	717	717	200	0.27894	0.27894
458	627	106	0	0	0
459	2086	0	0	0	0
460	2333	1000	220	0.0942992	0.22
461	2171	1000	220	0.101336	0.22
462	2123	847	147	0.0692416	0.173554
463	1575	1575	3127	1.9854	1.9854
464	1487	0	0	0	0
465	2015	0	0	0	0
466	1193	0	0	0	0
467	1578	1578	220	0.139417	0.139417
468	1121	1000	440	0.392507	0.44
469	1114	0	0	0	0
470	1414	0	0	0	0
471	2170	1170	220	0.101382	0.188034
472	1031	0	0	0	0
473	1435	0	0	0	0
474	1279	0	0	0	0
475	1426	0	0	0	0
476	1752	1217	420	0.239726	0.345111
477	1576	576	106	0.0672589	0.184028
478	1069	0	0	0	0
479	1965	1345	220	0.111959	0.163569
480	1053	373	0	0	0
481	1730	0	0	0	0
482	1022	1022	220	0.215264	0.215264
483	1720	0	0	0	0
484	907	907	220	0.242558	0.242558
485	894	0	0	0	0
486	1059	569	220	0.207743	0.386643
487	1103	1103	220	0.199456	0.199456
488	784	784	0	0	0
489	2382	1967	220	0.0923594	0.111845
490	2220	1220	220	0.0990991	0.180328
491	1409	1000	440	0.312278	0.44
492	834	834	220	0.263789	0.263789
493	1296	0	0	0	0
494	1848	1848	264	0.142857	0.142857
495	1357	48	0	0	0
496	995	712	220	0.221106	0.308989
497	1285	0	0	0	0
498	977	847	0	0	0
499	1883	1557	220	0.116835	0.141297
500	1308	899	220	0.168196	0.244716
501	1097	0	0	0	0
502	1409	0	0	0	0
503	1479	391	0	0	0
504	929	929	220	0.236814	0.236814
505	1088	0	0	0	0
506	1480	1335	295	0.199324	0.220974
507	1093	0	0	0	0
508	1022	713	220	0.215264	0.308555
509	776	0	0	0	0
510	1141	0	0	0	0
511	2303	905	200	0.0868432	0.220994
512	681	0	0	0	0
513	1006	478	200	0.198807	0.41841
514	1080	0	0	0	0
515	904	0	0	0	0
516	1365	186	0	0	0
517	1334	0	0	0	0
518	1635	698	0	0	0
519	1008	0	0	0	0
520	1235	0	0	0	0
521	1322	1322	519	0.392587	0.392587
522	1142	610	220	0.192644	0.360656
523	1334	516	0	0	0
524	1677	1677	237	0.141324	0.141324
525	1025	780	440	0.429268	0.564103
526	1136	0	0	0	0
527	1307	181	0	0	0
528	1053	0	0	0	0
529	873	404	220	0.252005	0.544554
530	1276	1268	440	0.344828	0.347003
531	977	0	0	0	0
532	1891	936	220	0.116341	0.235043
533	1305	1208	220	0.168582	0.182119
534	1798	0	0	0	0
535	1143	406	0	0	0
536	855	603	0	0	0
537	1653	1653	10334	6.25166	6.25166
538	838	838	200	0.238663	0.238663
539	811	494	94	0.115906	0.190283
540	1628	1628	660	0.405405	0.405405
541	1356	1356	440	0.324484	0.324484
542	1096	0	0	0	0
543	1055	368	108	0.10237	0.293478
544	1472	484	0	0	0
545	1676	0	0	0	0
546	743	0	0	0	0
547	944	0	0	0	0
548	924	0	0	0	0
549	1450	0	0	0	0
550	1350	1350	440	0.325926	0.325926
551	768	768	440	0.572917	0.572917
552	503	503	271	0.538767	0.538767
553	1123	0	0	0	0
554	1223	1223	21962	17.9575	17.9575
555	1644	688	220	0.13382	0.319767
556	872	872	0	0	0
557	581	581	152	0.261618	0.261618
558	1375	0	0	0	0
559	1656	0	0	0	0
560	759	191	0	0	0
561	1660	963	440	0.26506	0.456906
562	1137	774	220	0.193492	0.284238
563	1451	0	0	0	0
564	1377	0	0	0	0
565	1059	0	0	0	0
566	1259	230	50	0.0397141	0.217391
567	883	883	220	0.249151	0.249151
568	949	0	0	0	0
569	950	430	0	0	0
570	1287	0	0	0	0
571	1049	950	220	0.209724	0.231579
572	1246	860	220	0.176565	0.255814
573	902	0	0	0	0
574	1154	1154	220	0.190641	0.190641
575	1049	175	0	0	0
576	1331	1052	112	0.0841473	0.106464
577	1003	0	0	0	0
578	1384	0	0	0	0
579	1359	0	0	0	0
580	1160	1026	446	0.384483	0.434698
581	1614	292	112	0.0693928	0.383562
582	958	958	258	0.269311	0.269311
583	1727	0	0	0	0
584	1141	177	0	0	0
585	1243	867	27	0.0217216	0.0311419
586	748	0	0	0	0
587	1859	618	0	0	0
588	1250	741	0	0	0
589	1657	696	0	0	0
590	1762	118	0	0	0
591	1148	759	220	0.191638	0.289855
592	1086	1086	117	0.107735	0.107735
593	798	798	1560	1.95489	1.95489
594	784	784	440	0.561224	0.561224
595	964	0	0	0	0
596	1207	906	426	0.352941	0.470199
597	809	0	0	0	0
598	1014	0	0	0	0
599	992	0	0	0	0
600	929	929	200	0.215285	0.215285
601	1233	778	0	0	0
602	1247	1047	407	0.326383	0.38873
603	1279	1087	220	0.172009	0.202392
604	1074	929	220	0.204842	0.236814
605	1153	0	0	0	0
606	1273	1273	159	0.124902	0.124902
607	1117	370	0	0	0
608	1041	1041	3768	3.6196	3.6196
609	1242	0	0	0	0
610	1141	1141	660	0.57844	0.57844
611	1106	836	660	0.596745	0.789474
612	1718	1000	220	0.128056	0.22
613	1101	0	0	0	0
614	1118	0	0	0	0
615	1015	0	0	0	0
616	1382	0	0	0	0
617	847	0	0	0	0
618	918	0	0	0	0
619	1254	265	0	0	0
620	1213	0	0	0	0
621	1540	241	0	0	0
622	1321	324	0	0	0
623	1313	1000	220	0.167555	0.22
624	1065	0	0	0	0
625	875	459	0	0	0
626	1017	0	0	0	0
627	973	613	220	0.226105	0.358891
628	1350	0	0	0	0
629	677	0	0	0	0
630	1299	986	306	0.235566	0.310345
631	821	155	0	0	0
632	971	971	660	0.679712	0.679712
633	652	652	224	0.343558	0.343558
634	1191	927	220	0.184719	0.237325
635	665	665	5	0.0075188	0.0075188
636	1065	87	47	0.0441315	0.54023
637	1187	599	0	0	0
638	1229	878	220	0.179007	0.250569
639	742	0	0	0	0
640	1137	1005	220	0.193492	0.218905
641	1330	0	0	0	0
642	1040	793	440	0.423077	0.554855
643	1221	478	0	0	0
644	1332	0	0	0	0
645	1630	0	0	0	0
646	769	0	0	0	0
647	943	0	0	0	0
648	1183	0	0	0	0
649	1461	449	349	0.238877	0.777283
650	1285	0	0	0	0
651	799	0	0	0	0
652	932	0	0	0	0
653	1143	0	0	0	0
654	857	857	192	0.224037	0.224037
655	1077	1077	617	0.572888	0.572888
656	1065	0	0	0	0
657	1174	969	220	0.187394	0.227038
658	1329	1329	220	0.165538	0.165538
659	907	0	0	0	0
660	901	842	220	0.244173	0.261283
661	903	781	220	0.243632	0.28169
662	1370	0	0	0	0
663	1058	575	0	0	0
664	974	636	36	0.036961	0.0566038
665	1272	1272	298	0.234277	0.234277
666	1075	1075	494	0.459535	0.459535
667	1160	1160	203	0.175	0.175
668	1270	602	202	0.159055	0.335548
669	1096	317	0	0	0
670	786	786	220	0.279898	0.279898
671	1524	0	0	0	0
672	1138	493	0	0	0
673	1022	141	0	0	0
674	1088	0	0	0	0
675	856	856	6284	7.34112	7.34112
676	1237	1237	8781	7.09863	7.09863
677	1067	0	0	0	0
678	729	729	220	0.301783	0.301783
679	1284	0	0	0	0
680	2141	748	188	0.0878094	0.251337
681	1179	1179	178	0.150975	0.150975
682	1084	0	0	0	0
683	1231	40	0	0	0
684	1877	0	0	0	0
685	1421	0	0	0	0
686	1041	682	640	0.614793	0.938416
687	976	0	0	0	0
688	1185	0	0	0	0
689	1589	1000	220	0.138452	0.22
690	914	0	0	0	0
691	1234	0	0	0	0
692	1050	358	0	0	0
693	857	726	86	0.10035	0.118457
694	1576	727	220	0.139594	0.302613
695	688	0	0	0	0
696	1696	0	0	0	0
697	1512	0	0	0	0
698	1192	0	0	0	0
699	1107	0	0	0	0
700	1195	557	0	0	0
701	810	0	0	0	0
702	1545	0	0	0	0
703	1006	0	0	0	0
704	634	0	0	0	0
705	1399	868	200	0.142959	0.230415
706	1301	576	220	0.169101	0.381944
707	902	0	0	0	0
708	1113	0	0	0	0
709	1134	0	0	0	0
710	1661	0	0	0	0
711	1101	0	0	0	0
712	1117	0	0	0	0
713	1685	749	220	0.130564	0.293725
714	1331	0	0	0	0
715	1610	0	0	0	0
716	904	473	53	0.0586283	0.112051
717	670	670	2500	3.73134	3.73134
718	930	930	440	0.473118	0.473118
719	1279	98	0	0	0
720	928	0	0	0	0
721	1500	7	0	0	0
722	1283	743	63	0.0491037	0.0847914
723	776	0	0	0	0
724	686	0	0	0	0
725	895	895	224	0.250279	0.250279
726	1297	1297	220	0.169622	0.169622
727	975	975	220	0.225641	0.225641
728	1313	0	0	0	0
729	886	0	0	0	0
730	1119	0	0	0	0
731	1091	167	0	0	0
732	1197	89	0	0	0
733	1274	1274	926	0.726845	0.726845
734	803	803	220	0.273973	0.273973
735	785	785	220	0.280255	0.280255
736	973	64	0	0	0
737	1226	0	0	0	0
738	841	841	0	0	0
739	941	941	0	0	0
740	1028	0	0	0	0
741	1283	885	220	0.171473	0.248588
742	1740	0	0	0	0
743	870	624	200	0.229885	0.320513
744	849	0	0	0	0
745	1143	0	0	0	0
746	1591	0	0	0	0
747	1401	946	132	0.0942184	0.139535
748	1071	1071	951	0.887955	0.887955
749	2019	250	0	0	0
750	1122	157	0	0	0
751	1041	1041	220	0.211335	0.211335
752	993	993	1054	1.06143	1.06143
753	1098	602	440	0.400729	0.730897
754	947	789	220	0.232313	0.278834
755	715	0	0	0	0
756	615	0	0	0	0
757	1400	171	0	0	0
758	981	0	0	0	0
759	983	0	0	0	0
760	673	673	1858	2.76077	2.76077
761	824	0	0	0	0
762	1240	0	0	0	0
763	1006	0	0	0	0
764	1043	0	0	0	0
765	949	0	0	0	0
766	1158	0	0	0	0
767	1288	407	0	0	0
768	955	955	135	0.141361	0.141361
769	970	0	0	0	0
770	840	840	217	0.258333	0.258333
771	1436	0	0	0	0
772	1697	0	0	0	0
773	1750	634	220	0.125714	0.347003
774	1600	0	0	0	0
775	818	818	0	0	0
776	1016	793	220	0.216535	0.277427
777	1283	84	0	0	0
778	1280	1280	220	0.171875	0.171875
779	1707	1707	1024	0.599883	0.599883
780	1906	1906	407	0.213536	0.213536
781	951	432	220	0.231335	0.509259
782	1400	591	220	0.157143	0.37225
783	1132	0	0	0	0
784	1612	1077	220	0.136476	0.204271
785	2442	232	0	0	0
786	1323	338	0	0	0
787	1670	1000	220	0.131737	0.22
788	1466	1466	220	0.150068	0.150068
789	1559	783	220	0.141116	0.280971
790	1832	0	0	0	0
791	888	888	341	0.384009	0.384009
792	2258	1857	1474	0.65279	0.793753
793	1718	0	0	0	0
794	1707	426	440	0.257762	1.03286
795	2291	1002	200	0.0872981	0.199601
796	1208	0	0	0	0
797	1613	1613	200	0.123993	0.123993
798	1604	0	0	0	0
799	1818	0	0	0	0
800	1277	0	0	0	0
801	1909	1168	208	0.108958	0.178082
802	1409	24	0	0	0
803	774	774	220	0.284238	0.284238
804	518	518	5822	11.2394	11.2394
805	1052	0	0	0	0
806	975	975	7514	7.70667	7.70667
807	1608	0	0	0	0
808	1382	893	113	0.0817656	0.12654
809	998	139	0	0	0
810	774	386	166	0.21447	0.430052
811	930	0	0	0	0
812	986	173	0	0	0
813	1449	963	220	0.151829	0.228453
814	1337	570	220	0.164547	0.385965
815	1425	0	0	0	0
816	868	0	0	0	0
817	765	0	0	0	0
818	577	0	0	0	0
819	1012	369	796	0.786561	2.15718
820	1309	1000	220	0.168067	0.22
821	711	0	0	0	0
822	2093	0	0	0	0
823	1632	1632	1755	1.07537	1.07537
824	2570	557	17	0.00661479	0.0305206
825	2367	0	0	0	0
826	1669	669	36	0.0215698	0.0538117
827	1827	266	0	0	0
828	1171	1171	58	0.0495303	0.0495303
829	1416	0	0	0	0
830	1665	690	0	0	0
831	1694	843	0	0	0
832	2860	1088	220	0.0769231	0.202206
833	1177	0	0	0	0
834	2276	420	0	0	0
835	1419	1000	220	0.155039	0.22
836	1872	0	0	0	0
837	1006	362	0	0	0
838	1405	531	31	0.0220641	0.0583804
839	1272	972	220	0.172956	0.226337
840	1919	1893	220	0.114643	0.116218
841	2214	812	0	0	0
842	1470	513	220	0.14966	0.42885
843	1236	0	0	0	0
844	1140	1140	3470	3.04386	3.04386
845	1404	1167	220	0.156695	0.188518
846	1866	1000	220	0.117899	0.22
847	1634	1634	595	0.364137	0.364137
848	1467	0	0	0	0
849	1488	934	220	0.147849	0.235546
850	1461	1269	220	0.150582	0.173365
851	1473	630	220	0.149355	0.349206
852	1753	0	0	0	0
853	1279	0	0	0	0
854	1975	1000	220	0.111392	0.22
855	1912	1218	200	0.104603	0.164204
856	1246	653	0	0	0
857	1493	970	200	0.133958	0.206186
858	2030	154	0	0	0
859	1395	0	0	0	0
860	1141	1141	200	0.175285	0.175285
861	1442	1442	440	0.305132	0.305132
862	1312	0	0	0	0
863	1240	695	185	0.149194	0.266187
864	1424	692	0	0	0
865	1711	1711	6745	3.94214	3.94214
866	1492	1492	2542	1.70375	1.70375
867	1434	1102	222	0.154812	0.201452
868	1434	58	0	0	0
869	1889	103	0	0	0
870	1447	724	4	0.00276434	0.00552486
871	986	0	0	0	0
872	1356	130	0	0	0
873	1605	1000	220	0.137072	0.22
874	758	758	352	0.46438	0.46438
875	1635	1097	220	0.134557	0.200547
876	1815	1611	440	0.242424	0.273122
877	1552	1157	440	0.283505	0.380294
878	2169	507	0	0	0
879	1318	662	0	0	0
880	1378	0	0	0	0
881	1805	0	0	0	0
882	1361	1361	660	0.484938	0.484938
883	1957	1758	220	0.112417	0.125142
884	1602	270	0	0	0
885	1847	1026	66	0.0357336	0.0643275
886	1438	438	0	0	0
887	1525	1525	174	0.114098	0.114098
888	1344	1344	10848	8.07143	8.07143
889	1176	1176	5862	4.98469	4.98469
890	1343	0	0	0	0
891	1631	1631	220	0.134887	0.134887
892	1564	579	0	0	0
893	2109	912	440	0.20863	0.482456
894	1301	1301	547	0.420446	0.420446
895	786	186	0	0	0
896	1190	1190	2704	2.27227	2.27227
897	1406	0	0	0	0
898	1310	419	99	0.0755725	0.236277
899	1302	1000	220	0.168971	0.22
900	1557	92	0	0	0
901	1639	372	220	0.134228	0.591398
902	1274	191	0	0	0
903	1468	1000	440	0.299728	0.44
904	2067	0	0	0	0
905	1535	1535	220	0.143322	0.143322
906	2776	1000	220	0.0792507	0.22
907	1307	1307	472	0.361132	0.361132
908	940	42	0	0	0
909	2982	1844	220	0.073776	0.119306
910	1514	509	220	0.14531	0.43222
911	1276	320	0	0	0
912	1598	1598	6648	4.1602	4.1602
913	1408	1408	2631	1.86861	1.86861
914	1377	0	0	0	0
915	1356	0	0	0	0
916	1303	900	0	0	0
917	878	607	427	0.486333	0.70346
918	1342	1342	90	0.0670641	0.0670641
919	1758	1758	235	0.133675	0.133675
920	2058	2058	420	0.204082	0.204082
921	1504	181	0	0	0
922	1123	1123	344	0.306322	0.306322
923	2672	915	220	0.0823353	0.240437
924	2026	1537	660	0.325765	0.429408
925	2016	1089	220	0.109127	0.20202
926	2482	516	0	0	0
927	1969	1969	3211	1.63078	1.63078
928	1270	964	220	0.173228	0.228216
929	1111	0	0	0	0
930	1682	1000	440	0.261593	0.44
931	877	0	0	0	0
932	1201	1201	124	0.103247	0.103247
933	1467	0	0	0	0
934	1430	525	0	0	0
935	1497	1497	660	0.440882	0.440882
936	1491	1491	660	0.442656	0.442656
937	1248	1038	220	0.176282	0.211946
938	1162	835	135	0.116179	0.161677
939	1408	137	0	0	0
940	1335	0	0	0	0
941	1831	0	0	0	0
942	1358	1283	366	0.269514	0.285269
943	1054	0	0	0	0
944	2567	0	0	0	0
945	1016	1016	194	0.190945	0.190945
946	1397	1397	440	0.314961	0.314961
947	999	688	440	0.44044	0.639535
948	1382	0	0	0	0
949	1664	740	80	0.0480769	0.108108
950	1363	0	0	0	0
951	1120	1000	220	0.196429	0.22
952	1239	444	220	0.177563	0.495495
953	1995	92	0	0	0
954	1863	1863	440	0.236178	0.236178
955	1408	1408	220	0.15625	0.15625
956	1261	0	0	0	0
957	1311	501	0	0	0
958	1982	0	0	0	0
959	1295	1137	177	0.13668	0.155673
960	825	0	0	0	0
961	1351	1351	440	0.325685	0.325685
962	1330	0	0	0	0
963	1196	1027	267	0.223244	0.259981
964	1417	1417	4805	3.39097	3.39097
965	1129	914	440	0.389725	0.4814
966	1736	0	0	0	0
967	1286	712	220	0.171073	0.308989
968	1045	0	0	0	0
969	1875	1000	200	0.106667	0.2
970	1189	1000	220	0.185029	0.22
971	2608	2608	440	0.168712	0.168712
972	1448	1448	440	0.303867	0.303867
973	1952	0	0	0	0
974	1099	365	0	0	0
975	1797	0	0	0	0
976	1271	0	0	0	0
977	1263	522	220	0.174188	0.421456
978	1804	0	0	0	0
979	1316	795	220	0.167173	0.27673
980	1372	1243	220	0.16035	0.176991
981	1937	0	0	0	0
982	1137	834	220	0.193492	0.263789
983	1832	1832	388	0.21179	0.21179
984	1159	29	0	0	0
985	1231	823	200	0.16247	0.243013
986	1209	1209	1450	1.19934	1.19934
987	1887	433	220	0.116587	0.508083
988	1334	1334	220	0.164918	0.164918
989	1649	0	0	0	0
990	933	0	0	0	0
991	2437	992	640	0.262618	0.645161
992	2753	0	0	0	0
993	1677	0	0	0	0
994	1285	152	0	0	0
995	1331	783	0	0	0
996	1468	961	220	0.149864	0.228928
997	1263	0	0	0	0
998	1967	0	0	0	0
999	1343	330	90	0.0670141	0.272727
1000	1340	137	0	0	0
1001	1164	0	0	0	0
1002	2860	2686	640	0.223776	0.238273
1003	2014	469	189	0.0938431	0.402985
1004	810	810	935	1.15432	1.15432
1005	1329	0	0	0	0
1006	2507	1881	220	0.0877543	0.116959
1007	1402	388	0	0	0
1008	1287	934	200	0.1554	0.214133
1009	1774	298	0	0	0
1010	2056	453	0	0	0
1011	1800	1800	820	0.455556	0.455556
1012	1356	0	0	0	0
1013	1452	1264	344	0.236915	0.272152
1014	1313	656	0	0	0
1015	2351	2351	860	0.365802	0.365802
1016	846	220	0	0	0
1017	1851	0	0	0	0
1018	1250	242	0	0	0
1019	996	996	660	0.662651	0.662651
1020	1328	0	0	0	0
1021	1174	1035	175	0.149063	0.169082
1022	1289	862	440	0.34135	0.510441
1023	1358	101	0	0	0
1024	1333	218	136	0.102026	0.623853
1025	1209	1209	10554	8.72953	8.72953
1026	1287	0	0	0	0
1027	665	0	0	0	0
1028	1385	582	220	0.158845	0.378007
1029	1106	1106	220	0.198915	0.198915
1030	1221	311	0	0	0
1031	2465	0	0	0	0
1032	1412	115	0	0	0
1033	2671	671	170	0.0636466	0.253353
1034	1309	380	0	0	0
1035	1286	465	0	0	0
1036	1194	0	0	0	0
1037	1333	0	0	0	0
1038	1229	643	220	0.179007	0.342146
1039	2159	181	161	0.0745716	0.889503
1040	1470	1470	14306	9.73197	9.73197
1041	1392	0	0	0	0
1042	1229	308	108	0.0878763	0.350649
1043	1299	0	0	0	0
1044	2164	1957	417	0.192699	0.213081
1045	2573	485	220	0.0855033	0.453608
1046	1313	0	0	0	0
1047	1507	1507	200	0.132714	0.132714
1048	1729	729	0	0	0
1049	1415	904	220	0.155477	0.243363
1050	1072	1072	440	0.410448	0.410448
1051	1447	302	0	0	0
1052	1489	0	0	0	0
1053	1459	1000	220	0.150788	0.22
1054	2372	0	0	0	0
1055	1151	1151	7497	6.51347	6.51347
1056	1027	1027	27	0.0262902	0.0262902
1057	1147	0	0	0	0
1058	1760	1436	616	0.35	0.428969
1059	956	956	4681	4.89644	4.89644
1060	1285	0	0	0	0
1061	1110	224	0	0	0
1062	1089	782	440	0.40404	0.56266
1063	1401	0	0	0	0
1064	1345	1000	440	0.327138	0.44
1065	535	0	0	0	0
1066	1452	1452	220	0.151515	0.151515
1067	2024	0	0	0	0
1068	949	0	0	0	0
1069	1126	1126	322	0.285968	0.285968
1070	1517	1176	220	0.145023	0.187075
1071	1111	101	0	0	0
1072	1701	973	220	0.129336	0.226105
1073	640	0	0	0	0
1074	954	0	0	0	0
1075	1047	171	0	0	0
1076	1077	0	0	0	0
1077	800	0	0	0	0
1078	1135	0	0	0	0
1079	1021	933	153	0.149853	0.163987
1080	1773	0	0	0	0
1081	1551	0	0	0	0
1082	894	376	0	0	0
1083	2258	0	0	0	0
1084	2613	2613	6253	2.39303	2.39303
1085	1703	567	54	0.0317087	0.0952381
1086	1314	0	0	0	0
1087	1809	1086	220	0.121614	0.202578
1088	1660	1660	8460	5.09639	5.09639
1089	1066	0	0	0	0
1090	1546	546	0	0	0
1091	1172	0	0	0	0
1092	1405	0	0	0	0
1093	2103	885	0	0	0
1094	1126	1126	440	0.390764	0.390764
1095	1256	817	440	0.350318	0.538556
1096	652	0	0	0	0
1097	1240	0	0	0	0
1098	2275	298	0	0	0
1099	3233	2000	420	0.12991	0.21
1100	2768	2768	2742	0.990607	0.990607
1101	4012	2000	440	0.109671	0.22
1102	2776	0	0	0	0
1103	1640	802	220	0.134146	0.274314
1104	2385	639	279	0.116981	0.43662
1105	3160	2160	1826	0.577848	0.84537
1106	2395	2000	220	0.091858	0.11
1107	1769	864	220	0.124364	0.25463
1108	2339	0	0	0	0
1109	1764	0	0	0	0
1110	3214	1000	220	0.0684505	0.22
1111	1651	0	0	0	0
1112	2282	1000	220	0.0964067	0.22
1113	2638	1993	1226	0.464746	0.615153
1114	2280	0	0	0	0
1115	2240	2240	660	0.294643	0.294643
1116	2039	0	0	0	0
1117	2180	1742	660	0.302752	0.378875
1118	3022	0	0	0	0
1119	2379	379	0	0	0
1120	2422	0	0	0	0
1121	3923	2000	440	0.112159	0.22
1122	1450	353	0	0	0
1123	993	133	0	0	0
1124	2148	0	0	0	0
1125	2092	46	0	0	0
1126	2353	2000	440	0.186995	0.22
1127	3058	1000	220	0.0719424	0.22
1128	2479	255	0	0	0
1129	2813	2000	1100	0.391042	0.55
1130	2049	2038	220	0.107369	0.107949
1131	1252	446	220	0.175719	0.493274
1132	1405	516	36	0.0256228	0.0697674
1133	3424	2000	1100	0.321262	0.55
1134	2386	0	0	0	0
1135	1661	1661	440	0.264901	0.264901
1136	3113	1113	220	0.0706714	0.197664
1137	3107	1000	220	0.0708079	0.22
1138	3609	0	0	0	0
1139	1531	0	0	0	0
1140	2354	1302	362	0.153781	0.278034
1141	2174	0	0	0	0
1142	2405	290	0	0	0
1143	3100	2100	510	0.164516	0.242857
1144	2755	1805	585	0.212341	0.3241
1145	2414	0	0	0	0
1146	2862	0	0	0	0
1147	3678	2677	437	0.118815	0.163242
1148	1772	637	0	0	0
1149	1911	0	0	0	0
1150	1394	0	0	0	0
1151	977	935	235	0.240532	0.251337
1152	1571	1310	220	0.140038	0.167939
1153	2793	630	90	0.0322234	0.142857
1154	2057	0	0	0	0
1155	2858	593	33	0.0115465	0.0556492
1156	4020	0	0	0	0
1157	2281	1000	220	0.0964489	0.22
1158	2025	2025	420	0.207407	0.207407
1159	1879	103	0	0	0
1160	1461	768	128	0.0876112	0.166667
1161	2107	0	0	0	0
1162	1926	1415	440	0.228453	0.310954
1163	2653	1804	220	0.082925	0.121951
1164	2598	126	0	0	0
1165	1958	1000	220	0.11236	0.22
1166	2158	0	0	0	0
1167	2182	0	0	0	0
1168	4279	4279	4300	1.00491	1.00491
1169	2860	2603	523	0.182867	0.200922
1170	1217	157	0	0	0
1171	2226	1629	220	0.098832	0.135052
1172	1586	714	220	0.138714	0.308123
1173	2959	959	0	0	0
1174	2709	2656	440	0.162422	0.165663
1175	3219	1353	220	0.0683442	0.162602
1176	2539	1539	526	0.207168	0.34178
1177	1760	0	0	0	0
1178	2168	952	220	0.101476	0.231092
1179	2447	1000	220	0.089906	0.22
1180	1387	1149	220	0.158616	0.191471
1181	1585	41	0	0	0
1182	1182	350	220	0.186125	0.628571
1183	912	912	1849	2.02741	2.02741
1184	972	972	418	0.430041	0.430041
1185	1762	1762	10630	6.03292	6.03292
1186	1769	0	0	0	0
1187	2200	1200	440	0.2	0.366667
1188	1467	1467	13966	9.52011	9.52011
1189	2014	890	110	0.0546177	0.123596
1190	1284	1000	220	0.17134	0.22
1191	2177	1810	220	0.101056	0.121547
1192	1929	0	0	0	0
1193	2868	1000	220	0.0767085	0.22
1194	1584	734	74	0.0467172	0.100817
1195	2801	683	220	0.0785434	0.322108
1196	4611	667	0	0	0
1197	2396	0	0	0	0
1198	2582	1582	660	0.255616	0.417193
1199	1085	525	440	0.40553	0.838095
1200	1647	802	220	0.133576	0.274314
1201	2014	0	0	0	0
1202	2382	2382	440	0.184719	0.184719
1203	2647	0	0	0	0
1204	2683	0	0	0	0
1205	2205	0	0	0	0
1206	3632	1000	220	0.0605727	0.22
1207	1464	236	0	0	0
1208	4695	45	0	0	0
1209	3026	2672	660	0.21811	0.247006
1210	1274	1000	220	0.172684	0.22
1211	2475	1567	374	0.151111	0.238673
1212	1973	1000	220	0.111505	0.22
1213	1720	0	0	0	0
1214	2652	2652	2824	1.06486	1.06486
1215	1623	1000	220	0.135551	0.22
1216	3806	526	0	0	0
1217	3253	0	0	0	0
1218	2811	1829	569	0.202419	0.311099
1219	3248	2598	660	0.203202	0.254042
1220	2173	0	0	0	0
1221	3541	2000	220	0.0621293	0.11
1222	3056	1359	660	0.215969	0.485651
1223	1299	768	220	0.169361	0.286458
1224	2888	2518	440	0.152355	0.174742
1225	2220	382	220	0.0990991	0.575916
1226	2384	2384	660	0.276846	0.276846
1227	1717	1717	1214	0.707047	0.707047
1228	2545	1000	420	0.165029	0.42
1229	2758	0	0	0	0
1230	2775	2722	620	0.223423	0.227774
1231	1024	683	220	0.214844	0.322108
1232	2879	892	220	0.0764154	0.246637
1233	1590	0	0	0	0
1234	2574	0	0	0	0
1235	1485	1000	220	0.148148	0.22
1236	1823	171	0	0	0
1237	2699	1159	220	0.0815117	0.189819
1238	1767	1675	220	0.124505	0.131343
1239	3067	3067	660	0.215194	0.215194
1240	3780	1954	440	0.116402	0.225179
1241	2300	372	132	0.0573913	0.354839
1242	1622	0	0	0	0
1243	1638	1551	551	0.336386	0.355255
1244	2341	0	0	0	0
1245	1936	1000	220	0.113636	0.22
1246	3193	2193	993	0.310993	0.452804
1247	3407	2407	660	0.193719	0.2742
1248	2812	2459	479	0.170341	0.194795
1249	2626	1626	576	0.219345	0.354244
1250	2447	460	0	0	0
1251	1520	681	0	0	0
1252	2006	1000	220	0.109671	0.22
1253	4081	0	0	0	0
1254	1989	470	0	0	0
1255	3432	2132	432	0.125874	0.202627
1256	2328	1000	220	0.0945017	0.22
1257	2858	1000	220	0.0769769	0.22
1258	1947	794	220	0.112994	0.277078
1259	1679	587	0	0	0
1260	1671	0	0	0	0
1261	1888	1888	500	0.264831	0.264831
1262	2973	1891	282	0.0948537	0.149127
1263	1767	1000	220	0.124505	0.22
1264	3004	2266	646	0.215047	0.285084
1265	3220	2105	440	0.136646	0.209026
1266	2246	448	168	0.0747996	0.375
1267	2089	1089	220	0.105314	0.20202
1268	2806	0	0	0	0
1269	2618	1070	330	0.12605	0.308411
1270	3716	530	0	0	0
1271	3409	342	0	0	0
1272	2197	1000	220	0.100137	0.22
1273	2332	0	0	0	0
1274	3224	3103	440	0.136476	0.141798
1275	3468	2468	782	0.22549	0.316856
1276	3065	1000	440	0.143556	0.44
1277	3688	0	0	0	0
1278	3230	512	220	0.0681115	0.429688
1279	3956	2013	573	0.144843	0.28465
1280	1366	0	0	0	0
1281	3198	2360	1400	0.437774	0.59322
1282	2455	1340	440	0.179226	0.328358
1283	3686	796	220	0.0596853	0.276382
1284	1904	0	0	0	0
1285	2258	579	0	0	0
1286	2097	0	0	0	0
1287	2746	1000	220	0.0801165	0.22
1288	2693	33	0	0	0
1289	2110	1110	246	0.116588	0.221622
1290	2492	1000	220	0.0882825	0.22
1291	2308	1000	440	0.190641	0.44
1292	3241	498	38	0.0117248	0.0763052
1293	1362	1161	220	0.161527	0.189492
1294	2552	2552	5290	2.07288	2.07288
1295	1948	0	0	0	0
1296	3178	354	0	0	0
1297	1923	1751	331	0.172127	0.189035
1298	1385	85	0	0	0
1299	2263	2263	725	0.320371	0.320371
1300	3986	1000	220	0.0551932	0.22
1301	1974	1974	1379	0.698582	0.698582
1302	3157	0	0	0	0
1303	4395	898	0	0	0
1304	2102	1277	220	0.104662	0.172279
1305	3040	0	0	0	0
1306	1555	1134	220	0.141479	0.194004
1307	2610	0	0	0	0
1308	2192	2192	660	0.301095	0.301095
1309	3195	0	0	0	0
1310	2590	656	0	0	0
1311	2416	1018	220	0.0910596	0.21611
1312	3179	3155	440	0.138408	0.139461
1313	2318	158	0	0	0
1314	3655	336	220	0.0601915	0.654762
1315	2190	2190	440	0.200913	0.200913
1316	3786	304	0	0	0
1317	3026	2000	440	0.145406	0.22
1318	1540	0	0	0	0
1319	3616	0	0	0	0
1320	1906	1508	200	0.104932	0.132626
1321	2099	746	46	0.0219152	0.0616622
1322	1860	242	220	0.11828	0.909091
1323	2019	1728	548	0.271421	0.31713
1324	1372	612	0	0	0
1325	2568	568	0	0	0
1326	2076	451	0	0	0
1327	2581	0	0	0	0
1328	1891	1891	552	0.291909	0.291909
1329	1816	1816	1899	1.0457	1.0457
1330	1744	962	220	0.126147	0.22869
1331	2698	395	0	0	0
1332	2579	1616	416	0.161303	0.257426
1333	4149	2728	440	0.10605	0.16129
1334	2252	2252	10615	4.71359	4.71359
1335	3262	2000	660	0.20233	0.33
1336	4221	2000	440	0.104241	0.22
1337	3238	2666	766	0.236566	0.287322
1338	2867	2000	220	0.0767353	0.11
1339	2578	1440	440	0.170675	0.305556
1340	3373	1000	220	0.0652238	0.22
1341	2808	1808	353	0.125712	0.195243
1342	2826	2299	440	0.155697	0.191388
1343	1707	834	220	0.128881	0.263789
1344	2979	383	0	0	0
1345	3560	2000	440	0.123596	0.22
1346	2585	783	220	0.0851064	0.280971
1347	3946	0	0	0	0
1348	2331	0	0	0	0
1349	4626	3626	1704	0.368353	0.469939
1350	2712	2712	1080	0.39823	0.39823
1351	2487	1487	220	0.08846	0.147949
1352	2918	0	0	0	0
1353	4185	0	0	0	0
1354	4943	2896	456	0.0922517	0.157459
1355	2536	536	220	0.0867508	0.410448
1356	2841	2712	1720	0.605421	0.634218
1357	745	0	0	0	0
1358	3622	1836	440	0.12148	0.239651
1359	4993	4993	896	0.179451	0.179451
1360	2194	279	139	0.0633546	0.498208
1361	3309	0	0	0	0
1362	2896	1069	220	0.0759669	0.2058
1363	2221	1221	220	0.0990545	0.18018
1364	3263	0	0	0	0
1365	3254	0	0	0	0
1366	3024	837	157	0.051918	0.187575
1367	3792	2000	440	0.116034	0.22
1368	1698	698	0	0	0
1369	4044	0	0	0	0
1370	1899	670	0	0	0
1371	4830	4830	1280	0.26501	0.26501
1372	2970	922	220	0.0740741	0.238612
1373	4204	3411	1100	0.261656	0.322486
1374	3538	3000	1760	0.497456	0.586667
1375	1650	984	220	0.133333	0.223577
1376	1680	0	0	0	0
1377	2977	345	220	0.0738999	0.637681
1378	3624	3624	1269	0.350166	0.350166
1379	1612	682	220	0.136476	0.322581
1380	1955	850	0	0	0
1381	2057	2057	793	0.385513	0.385513
1382	1702	1480	420	0.246769	0.283784
1383	1757	757	220	0.125213	0.290621
1384	2257	0	0	0	0
1385	1951	0	0	0	0
1386	3260	1356	396	0.121472	0.292035
1387	2014	1014	440	0.218471	0.433925
1388	1627	214	0	0	0
1389	2564	803	220	0.0858034	0.273973
1390	1964	964	220	0.112016	0.228216
1391	1930	56	0	0	0
1392	2341	1341	220	0.0939769	0.164057
1393	2172	0	0	0	0
1394	1533	834	220	0.143509	0.263789
1395	3273	2000	660	0.20165	0.33
1396	4531	0	0	0	0
1397	3986	1000	220	0.0551932	0.22
1398	2790	447	220	0.078853	0.49217
1399	4757	3000	440	0.0924953	0.146667
1400	2235	1483	220	0.098434	0.148348
1401	1426	673	220	0.154278	0.326895
1402	4913	506	220	0.0447792	0.434783
1403	2568	1568	220	0.0856698	0.140306
1404	3456	1456	440	0.127315	0.302198
1405	3018	2000	660	0.218688	0.33
1406	3105	1106	440	0.141707	0.39783
1407	4980	4312	660	0.13253	0.153061
1408	1705	875	220	0.129032	0.251429
1409	2787	2787	440	0.157876	0.157876
1410	1212	1198	440	0.363036	0.367279
1411	2771	771	343	0.123782	0.444877
1412	2587	13	0	0	0
1413	2954	2954	23635	8.00102	8.00102
1414	2869	0	0	0	0
1415	1613	1613	16073	9.96466	9.96466
1416	613	613	5146	8.39478	8.39478
1417	2022	1000	220	0.108803	0.22
1418	1353	1000	220	0.162602	0.22
1419	2174	1551	551	0.25345	0.355255
1420	3227	910	150	0.0464828	0.164835
1421	4014	1000	220	0.0548082	0.22
1422	3506	436	16	0.00456361	0.0366972
1423	1535	1535	218	0.14202	0.14202
1424	4291	2000	440	0.10254	0.22
1425	4917	2326	640	0.130161	0.27515
1426	3504	0	0	0	0
1427	1588	0	0	0	0
1428	913	0	0	0	0
1429	1376	1376	196	0.142442	0.142442
1430	1483	483	32	0.0215779	0.0662526
1431	1158	481	41	0.0354059	0.0852391
1432	2106	1106	120	0.0569801	0.108499
1433	1831	1831	220	0.120153	0.120153
1434	1966	1491	220	0.111902	0.147552
1435	1178	1178	2212	1.87776	1.87776
1436	1489	816	356	0.239087	0.436275
1437	2266	1000	220	0.0970874	0.22
1438	818	679	220	0.268949	0.324006
1439	1496	0	0	0	0
1440	1709	0	0	0	0
1441	1173	0	0	0	0
1442	1710	0	0	0	0
1443	2258	1258	220	0.0974314	0.174881
1444	911	560	320	0.351262	0.571429
1445	1464	0	0	0	0
1446	1897	1833	440	0.231945	0.240044
1447	2105	0	0	0	0
1448	1760	0	0	0	0
1449	1360	0	0	0	0
1450	3680	1680	702	0.190761	0.417857
1451	2686	2686	1100	0.409531	0.409531
1452	2798	643	0	0	0
1453	3954	3304	860	0.217501	0.260291
1454	3383	1307	440	0.130062	0.336649
1455	3042	2362	440	0.144642	0.186283
1456	2772	2772	809	0.291847	0.291847
1457	1371	730	270	0.196937	0.369863
1458	2736	1685	545	0.199196	0.323442
1459	3690	1296	220	0.0596206	0.169753
1460	2484	1560	220	0.0885668	0.141026
1461	4783	3971	1300	0.271796	0.327373
1462	2392	1392	440	0.183946	0.316092
1463	3458	1000	220	0.0636206	0.22
1464	3726	1684	220	0.0590446	0.130641
1465	3406	530	220	0.0645919	0.415094
1466	1340	0	0	0	0
1467	3167	2000	440	0.138933	0.22
1468	1329	0	0	0	0
1469	1847	1626	440	0.238224	0.270603
1470	3388	3388	12760	3.76623	3.76623
1471	1750	0	0	0	0
1472	1858	0	0	0	0
1473	3157	1000	220	0.0696864	0.22
1474	2415	0	0	0	0
1475	3421	2421	554	0.161941	0.228831
1476	3946	1000	220	0.0557527	0.22
1477	2934	1000	220	0.074983	0.22
1478	3260	0	0	0	0
1479	3265	1469	220	0.0673813	0.149762
1480	4543	0	0	0	0
1481	1928	0	0	0	0
1482	3550	1078	220	0.0619718	0.204082
1483	2011	1000	220	0.109398	0.22
1484	1617	0	0	0	0
1485	1806	806	361	0.199889	0.447891
1486	2148	275	0	0	0
1487	2553	729	0	0	0
1488	1204	1204	681	0.565615	0.565615
1489	2336	2009	1249	0.534675	0.621702
1490	3836	2458	880	0.229406	0.358015
1491	1412	1298	220	0.155807	0.169492
1492	1448	0	0	0	0
1493	3273	3273	220	0.0672166	0.0672166
1494	2276	1000	220	0.0966608	0.22
1495	3626	1000	220	0.0606729	0.22
1496	1691	142	122	0.0721467	0.859155
1497	3498	2408	428	0.122356	0.177741
1498	2954	2954	660	0.223426	0.223426
1499	3571	1857	257	0.0719686	0.138395
1500	4637	2683	1100	0.237222	0.409989
1501	2855	1855	220	0.0770578	0.118598
1502	2605	1951	331	0.127063	0.169657
1503	3993	1993	369	0.0924117	0.185148
1504	1558	1000	220	0.141207	0.22
1505	378	378	0	0	0
1506	314	0	0	0	0
1507	532	0	0	0	0
1508	728	0	0	0	0
1509	1151	1151	10075	8.75326	8.75326
1510	982	0	0	0	0
1511	776	0	0	0	0
1512	2019	2019	12430	6.15651	6.15651
1513	3330	3330	10004	3.0042	3.0042
1514	2644	891	431	0.163011	0.483726
1515	5005	2352	440	0.0879121	0.187075
1516	3451	1000	660	0.191249	0.66
1517	4853	1744	420	0.0865444	0.240826
1518	3474	1000	220	0.0633276	0.22
1519	4989	3291	1080	0.216476	0.328168
1520	3511	2645	1100	0.313301	0.415879
1521	5035	4035	640	0.12711	0.158612
1522	3844	3844	42304	11.0052	11.0052
1523	4482	1353	833	0.185855	0.615669
1524	4516	2516	660	0.146147	0.262321
1525	2577	1000	220	0.0853706	0.22
1526	4272	1365	465	0.108848	0.340659
1527	4677	2000	1540	0.329271	0.77
1528	3803	3803	1080	0.283986	0.283986
1529	3928	2658	440	0.112016	0.165538
1530	3162	1000	440	0.139152	0.44
1531	5001	1187	220	0.0439912	0.185341
1532	3388	1298	200	0.0590319	0.154083
1533	4349	2000	440	0.101173	0.22
1534	4674	1348	220	0.0470689	0.163205
1535	4488	1228	220	0.0490196	0.179153
1536	3394	2902	660	0.194461	0.227429
1537	3074	3074	660	0.214704	0.214704
1538	3164	1950	440	0.139064	0.225641
1539	5015	1000	220	0.0438684	0.22
1540	4407	4367	1320	0.299523	0.302267
1541	3749	3331	1540	0.410776	0.462324
1542	4188	1188	220	0.052531	0.185185
1543	3534	2534	440	0.124505	0.173639
1544	1905	905	220	0.115486	0.243094
1545	3234	1000	220	0.0680272	0.22
1546	3453	1180	220	0.0637127	0.186441
1547	3564	1564	718	0.201459	0.459079
1548	3422	1136	440	0.12858	0.387324
1549	4047	3047	640	0.158142	0.210043
1550	2819	0	0	0	0
1551	2438	2047	440	0.180476	0.214949
1552	3081	80	0	0	0
1553	3867	3867	1100	0.284458	0.284458
1554	4888	3888	1080	0.220949	0.277778
1555	3657	2225	220	0.0601586	0.0988764
1556	4229	2597	440	0.104044	0.169426
1557	4583	2583	440	0.096007	0.170345
1558	2676	2676	1540	0.575486	0.575486
1559	4801	3725	880	0.183295	0.236242
1560	4942	2610	860	0.174019	0.329502
1561	2158	2158	1320	0.611677	0.611677
1562	2197	1259	319	0.145198	0.253376
1563	952	952	556	0.584034	0.584034
1564	3357	1357	220	0.0655347	0.162122
1565	4612	612	220	0.0477016	0.359477
1566	7037	3037	660	0.09379	0.21732
1567	1888	0	0	0	0
1568	4024	1233	393	0.097664	0.318735
1569	7787	1134	294	0.0377552	0.259259
1570	7116	4000	880	0.123665	0.22
1571	3825	898	0	0	0
1572	5791	1000	220	0.03799	0.22
1573	8061	1000	440	0.0545838	0.44
1574	2298	0	0	0	0
1575	1929	1641	220	0.114049	0.134065
1576	2085	1000	220	0.105516	0.22
1577	1798	530	0	0	0
1578	1513	488	208	0.137475	0.42623
1579	2084	0	0	0	0
1580	1114	181	21	0.018851	0.116022
1581	934	934	220	0.235546	0.235546
1582	3024	1012	220	0.0727513	0.217391
1583	2793	2206	220	0.0787683	0.099728
1584	3217	3217	2480	0.770905	0.770905
1585	986	472	0	0	0
1586	2812	1000	220	0.0782361	0.22
1587	2906	1906	363	0.124914	0.190451
1588	1584	1584	220	0.138889	0.138889
1589	2018	991	31	0.0153617	0.0312815
1590	1347	0	0	0	0
1591	1167	1167	440	0.377035	0.377035
1592	2566	0	0	0	0
1593	3945	1945	640	0.162231	0.329049
1594	1394	1394	220	0.157819	0.157819
1595	2495	2495	640	0.256513	0.256513
1596	3344	1882	660	0.197368	0.350691
1597	3718	2718	586	0.157612	0.2156
1598	3303	2320	880	0.266424	0.37931
1599	1441	893	440	0.305344	0.492721
1600	1061	0	0	0	0
1601	1351	0	0	0	0
1602	1464	1464	660	0.45082	0.45082
1603	1348	930	660	0.489614	0.709677
1604	2104	104	0	0	0
1605	1404	305	45	0.0320513	0.147541
1606	1852	852	339	0.183045	0.397887
1607	2484	484	0	0	0
1608	2788	670	0	0	0
1609	1039	1037	97	0.093359	0.0935391
1610	1886	1584	220	0.116649	0.138889
1611	1627	776	220	0.135218	0.283505
1612	2364	14	0	0	0
1613	2099	749	220	0.104812	0.293725
1614	3446	3446	660	0.191526	0.191526
1615	3325	1325	440	0.132331	0.332075
1616	2181	1378	880	0.403485	0.638607
1617	1694	484	0	0	0
1618	1922	1922	327	0.170135	0.170135
1619	3088	1000	420	0.13601	0.42
1620	3207	3207	36275	11.3112	11.3112
1621	2196	1000	200	0.0910747	0.2
1622	2906	2906	660	0.227116	0.227116
1623	1730	892	220	0.127168	0.246637
1624	3659	2247	880	0.240503	0.391633
1625	1797	1328	440	0.244853	0.331325
1626	3698	2000	440	0.118983	0.22
1627	2528	2288	640	0.253165	0.27972
1628	4331	2516	716	0.16532	0.284579
1629	2547	2547	613	0.240675	0.240675
1630	3837	1837	440	0.114673	0.239521
1631	1969	628	220	0.111732	0.350318
1632	4917	3831	1071	0.217816	0.279561
1633	4135	2000	440	0.106409	0.22
1634	4609	2864	660	0.143198	0.230447
1635	3525	1678	538	0.152624	0.32062
1636	3974	2865	440	0.11072	0.153578
1637	4113	2273	440	0.106978	0.193577
1638	4952	2870	1100	0.222132	0.383275
1639	4499	2918	440	0.0977995	0.150788
1640	4673	1985	440	0.0941579	0.221662
1641	3990	506	220	0.0551378	0.434783
1642	4913	2963	440	0.0895583	0.148498
1643	4762	109	29	0.00608988	0.266055
1644	3235	0	0	0	0
1645	3962	2000	640	0.161535	0.32
1646	5191	1290	610	0.117511	0.472868
1647	3124	2574	420	0.134443	0.16317
1648	3564	1564	361	0.101291	0.230818
1649	4546	0	0	0	0
1650	2225	1000	220	0.0988764	0.22
1651	3373	2373	513	0.15209	0.216182
1652	3635	3561	1100	0.302613	0.308902
1653	2031	817	214	0.105367	0.261934
1654	2332	715	220	0.0943396	0.307692
1655	591	591	409	0.692047	0.692047
1656	2905	517	220	0.0757315	0.425532
1657	2327	1482	220	0.0945423	0.148448
1658	3489	956	220	0.0630553	0.230126
1659	3870	2727	440	0.113695	0.161349
1660	5497	3326	1006	0.183009	0.302465
1661	2452	1000	220	0.0897227	0.22
1662	3711	2643	220	0.0592832	0.0832387
1663	3646	2000	440	0.12068	0.22
1664	4419	3419	3460	0.782983	1.01199
1665	1529	1529	440	0.28777	0.28777
1666	3544	2000	220	0.0620767	0.11
1667	3163	1333	1100	0.347771	0.825206
1668	2463	599	440	0.178644	0.734558
1669	3509	2509	660	0.188088	0.263053
1670	3982	2000	660	0.165746	0.33
1671	4874	2671	491	0.100739	0.183826
1672	3796	2341	660	0.173867	0.281931
1673	4252	2394	440	0.103481	0.183793
1674	3197	0	0	0	0
1675	3701	1224	508	0.13726	0.415033
1676	4147	3000	420	0.101278	0.14
1677	3089	2089	808	0.261573	0.386788
1678	3207	0	0	0	0
1679	4955	4874	1080	0.217962	0.221584
1680	4853	1334	220	0.0453328	0.164918
1681	3561	1185	285	0.0800337	0.240506
1682	3911	1000	220	0.0562516	0.22
1683	3645	2000	660	0.18107	0.33
1684	4917	3917	660	0.134228	0.168496
1685	3134	3134	1027	0.327696	0.327696
1686	3149	3131	880	0.279454	0.28106
1687	3035	2035	654	0.215486	0.321376
1688	2960	2000	220	0.0743243	0.11
1689	3260	2000	440	0.134969	0.22
1690	4768	3768	1799	0.377307	0.477442
1691	2883	1883	331	0.114811	0.175783
1692	2571	0	0	0	0
1693	2230	1000	220	0.0986547	0.22
1694	1575	0	0	0	0
1695	3446	3014	660	0.191526	0.218978
1696	4332	3000	1540	0.355494	0.513333
1697	5193	3000	860	0.165608	0.286667
1698	2637	1637	660	0.250284	0.403177
1699	3734	512	0	0	0
1700	3680	713	220	0.0597826	0.308555
1701	3156	2156	1320	0.418251	0.612245
1702	3691	3691	33671	9.12246	9.12246
1703	4772	2772	880	0.184409	0.31746
1704	5388	4347	914	0.169636	0.21026
1705	3154	2154	440	0.139505	0.204271
1706	4290	1290	324	0.0755245	0.251163
1707	4525	2525	660	0.145856	0.261386
1708	4780	4114	1320	0.276151	0.320856
1709	3785	3785	14306	3.77966	3.77966
1710	2813	2813	1540	0.547458	0.547458
1711	4418	2418	868	0.196469	0.358974
1712	3380	2222	440	0.130178	0.19802
1713	3064	1144	220	0.0718016	0.192308
1714	3041	188	0	0	0
1715	4457	2822	880	0.197442	0.311836
1716	2648	2247	440	0.166163	0.195817
1717	3450	3128	1008	0.292174	0.322251
1718	2194	767	220	0.100273	0.286832
1719	2016	2016	880	0.436508	0.436508
1720	3108	3108	1320	0.42471	0.42471
1721	2031	1126	206	0.101428	0.182948
1722	3145	1113	153	0.0486486	0.137466
1723	4890	2890	440	0.0899796	0.152249
1724	3176	1064	220	0.0692695	0.206767
1725	3847	0	0	0	0
1726	2304	0	0	0	0
1727	2391	1391	465	0.194479	0.334292
1728	863	656	220	0.254925	0.335366
1729	513	513	0	0	0
1730	550	550	220	0.4	0.4
1731	1689	284	0	0	0
1732	1097	728	220	0.200547	0.302198
1733	607	607	889	1.46458	1.46458
1734	1401	721	220	0.157031	0.305132
1735	499	499	220	0.440882	0.440882
1736	497	0	0	0	0
1737	586	586	195	0.332765	0.332765
1738	593	473	753	1.26981	1.59197
1739	499	0	0	0	0
1740	1816	0	0	0	0
1741	2655	1626	640	0.241055	0.393604
1742	1410	0	0	0	0
1743	2261	2165	220	0.0973021	0.101617
1744	939	939	4641	4.94249	4.94249
1745	3113	1000	220	0.0706714	0.22
1746	3133	2133	440	0.14044	0.206282
1747	3320	2000	420	0.126506	0.21
1748	3571	2709	1300	0.364044	0.479882
1749	921	921	417	0.452769	0.452769
1750	1076	1076	440	0.408922	0.408922
1751	1353	726	440	0.325203	0.606061
1752	1512	366	0	0	0
1753	1182	1182	19966	16.8917	16.8917
1754	1310	923	220	0.167939	0.238353
1755	1631	0	0	0	0
1756	1495	495	0	0	0
1757	1626	284	64	0.0393604	0.225352
1758	1485	1405	440	0.296296	0.313167
1759	1487	1487	440	0.295898	0.295898
1760	1495	1495	273	0.182609	0.182609
1761	1669	669	220	0.131815	0.328849
1762	1498	829	220	0.146862	0.26538
1763	1495	885	220	0.147157	0.248588
1764	1452	497	220	0.151515	0.442656
1765	1534	0	0	0	0
1766	1424	0	0	0	0
1767	1080	0	0	0	0
1768	1491	491	0	0	0
1769	1512	0	0	0	0
1770	1511	1000	220	0.145599	0.22
1771	1495	338	38	0.0254181	0.112426
1772	1474	1282	220	0.149254	0.171607
1773	1501	0	0	0	0
1774	1513	1000	440	0.290813	0.44
1775	1449	0	0	0	0
1776	1507	1208	348	0.230922	0.288079
1777	1835	29	0	0	0
1778	1512	492	112	0.0740741	0.227642
1779	1472	1245	220	0.149457	0.176707
1780	1586	0	0	0	0
1781	1482	767	187	0.126181	0.243807
1782	1460	0	0	0	0
1783	1495	495	0	0	0
1784	1487	108	0	0	0
1785	1821	0	0	0	0
1786	3364	786	220	0.0653983	0.279898
1787	1600	685	220	0.1375	0.321168
1788	1999	1110	220	0.110055	0.198198
1789	3371	1383	440	0.130525	0.318149
1790	604	0	0	0	0
1791	575	575	59	0.102609	0.102609
1792	875	824	200	0.228571	0.242718
1793	3218	2000	440	0.136731	0.22
1794	1997	1000	200	0.10015	0.2
1795	739	279	0	0	0
1796	1002	578	220	0.219561	0.380623
1797	1498	0	0	0	0
1798	1675	675	220	0.131343	0.325926
1799	2693	898	58	0.0215373	0.064588
1800	187	91	0	0	0
1801	2651	1170	270	0.101848	0.230769
1802	3742	0	0	0	0
1803	3974	3000	660	0.16608	0.22
1804	2316	2000	220	0.0949914	0.11
1805	3251	1757	397	0.122116	0.225953
1806	2618	2618	3285	1.25477	1.25477
1807	4233	1000	220	0.0519726	0.22
1808	2960	0	0	0	0
1809	1175	0	0	0	0
1810	3803	1604	440	0.115698	0.274314
1811	3280	1126	220	0.0670732	0.195382
1812	1362	1000	420	0.30837	0.42
1813	3726	2794	440	0.118089	0.15748
1814	850	36	0	0	0
1815	2556	2410	860	0.336463	0.356846
1816	1799	0	0	0	0
1817	2822	0	0	0	0
1818	2834	2646	660	0.232886	0.249433
1819	2865	2792	652	0.227574	0.233524
1820	3231	0	0	0	0
1821	2089	0	0	0	0
1822	4031	3031	721	0.178864	0.237875
1823	4649	897	220	0.047322	0.245262
1824	1754	891	982	0.559863	1.10213
1825	3476	0	0	0	0
1826	3656	2606	660	0.180525	0.253262
1827	2671	1779	220	0.0823662	0.123665
1828	1679	748	220	0.13103	0.294118
1829	5000	1183	343	0.0686	0.289941
1830	1912	389	0	0	0
1831	2667	0	0	0	0
1832	3247	1529	220	0.0677549	0.143885
1833	2752	0	0	0	0
1834	3190	2000	220	0.0689655	0.11
1835	3297	0	0	0	0
1836	3592	464	0	0	0
1837	2898	2723	660	0.227743	0.24238
1838	2645	912	0	0	0
1839	2004	0	0	0	0
1840	2438	0	0	0	0
1841	1006	1006	593	0.589463	0.589463
1842	3546	1000	220	0.0620417	0.22
1843	1877	936	220	0.117208	0.235043
1844	1573	1573	5943	3.77813	3.77813
1845	1602	959	220	0.137328	0.229406
1846	2039	278	0	0	0
1847	2165	0	0	0	0
1848	3248	2541	1100	0.33867	0.4329
1849	1806	0	0	0	0
1850	2727	0	0	0	0
1851	1909	0	0	0	0
1852	2708	1000	220	0.0812408	0.22
1853	2205	2205	488	0.221315	0.221315
1854	2550	0	0	0	0
1855	2018	618	298	0.147671	0.482201
1856	1597	661	0	0	0
1857	3711	569	0	0	0
1858	1697	1303	220	0.129641	0.168841
1859	1988	1497	220	0.110664	0.146961
1860	1890	1742	1144	0.605291	0.656716
1861	2737	592	0	0	0
1862	1595	0	0	0	0
1863	3173	1000	220	0.069335	0.22
1864	3509	1509	200	0.0569963	0.132538
1865	3353	417	220	0.0656129	0.527578
1866	1932	1000	220	0.113872	0.22
1867	3176	3176	1855	0.584068	0.584068
1868	2042	0	0	0	0
1869	1598	1598	43	0.0269086	0.0269086
1870	3718	1000	220	0.0591716	0.22
1871	1892	0	0	0	0
1872	2893	1880	340	0.117525	0.180851
1873	1776	0	0	0	0
1874	2855	0	0	0	0
1875	1141	0	0	0	0
1876	1909	1909	709	0.371399	0.371399
1877	822	822	338	0.411192	0.411192
1878	2861	2137	417	0.145753	0.195133
1879	1603	1603	738	0.460387	0.460387
1880	2124	194	194	0.0913371	1
1881	2678	0	0	0	0
1882	1475	1475	417	0.282712	0.282712
1883	2073	1645	220	0.106126	0.133739
1884	1573	0	0	0	0
1885	3642	1822	440	0.120813	0.241493
1886	1633	1000	220	0.134721	0.22
1887	2588	157	0	0	0
1888	2996	0	0	0	0
1889	1208	978	220	0.182119	0.224949
1890	3029	718	220	0.0726312	0.306407
1891	2066	1820	320	0.154889	0.175824
1892	1492	641	220	0.147453	0.343214
1893	1468	0	0	0	0
1894	2104	1000	420	0.19962	0.42
1895	3141	1000	220	0.0700414	0.22
1896	3865	1000	220	0.0569211	0.22
1897	2387	877	220	0.0921659	0.250855
1898	3664	1000	220	0.0600437	0.22
1899	1156	0	0	0	0
1900	2343	0	0	0	0
1901	1972	972	363	0.184077	0.373457
1902	2808	1000	220	0.0783476	0.22
1903	2242	0	0	0	0
1904	1001	14	0	0	0
1905	1001	746	186	0.185814	0.24933
1906	1796	0	0	0	0
1907	2028	1603	440	0.216963	0.274485
1908	825	0	0	0	0
1909	1453	0	0	0	0
1910	585	0	0	0	0
1911	925	925	220	0.237838	0.237838
1912	974	0	0	0	0
1913	1432	0	0	0	0
1914	1246	70	0	0	0
1915	1820	1820	440	0.241758	0.241758
1916	760	0	0	0	0
1917	1306	439	220	0.168453	0.501139
1918	765	0	0	0	0
1919	1333	565	0	0	0
1920	1247	0	0	0	0
1921	494	494	56	0.11336	0.11336
1922	908	35	0	0	0
1923	624	0	0	0	0
1924	698	0	0	0	0
1925	558	558	220	0.394265	0.394265
1926	1471	0	0	0	0
1927	1159	0	0	0	0
1928	856	0	0	0	0
1929	1240	1000	220	0.177419	0.22
1930	2781	2088	636	0.228695	0.304598
1931	1188	744	184	0.154882	0.247312
1932	1003	358	0	0	0
1933	1028	0	0	0	0
1934	2003	0	0	0	0
1935	699	699	136	0.194564	0.194564
1936	1176	1176	577	0.490646	0.490646
1937	818	0	0	0	0
1938	1935	0	0	0	0
1939	728	0	0	0	0
1940	540	540	116	0.214815	0.214815
1941	950	950	220	0.231579	0.231579
1942	904	904	0	0	0
1943	1245	201	161	0.129317	0.800995
1944	1036	1036	440	0.42471	0.42471
1945	812	0	0	0	0
1946	902	0	0	0	0
1947	2056	0	0	0	0
1948	1200	427	187	0.155833	0.437939
1949	579	0	0	0	0
1950	848	848	220	0.259434	0.259434
1951	632	632	0	0	0
1952	631	631	156	0.247227	0.247227
1953	1055	779	220	0.208531	0.282413
1954	2433	433	0	0	0
1955	1304	321	81	0.0621166	0.252336
1956	1889	0	0	0	0
1957	2206	0	0	0	0
1958	1245	0	0	0	0
1959	1363	1000	220	0.161409	0.22
1960	1795	0	0	0	0
1961	759	0	0	0	0
1962	822	0	0	0	0
1963	635	635	0	0	0
1964	1444	176	0	0	0
1965	1167	273	0	0	0
1966	898	0	0	0	0
1967	588	170	0	0	0
1968	1848	0	0	0	0
1969	830	0	0	0	0
1970	1665	1665	385	0.231231	0.231231
1971	1297	0	0	0	0
1972	578	413	13	0.0224913	0.031477
1973	1028	0	0	0	0
1974	445	0	0	0	0
1975	548	0	0	0	0
1976	937	0	0	0	0
1977	575	575	220	0.382609	0.382609
1978	1205	1205	220	0.182573	0.182573
1979	830	0	0	0	0
1980	537	0	0	0	0
1981	1452	963	306	0.210744	0.317757
1982	1098	0	0	0	0
1983	1488	1000	220	0.147849	0.22
1984	2184	1000	220	0.100733	0.22
1985	3469	1000	220	0.0634189	0.22
1986	2137	2137	440	0.205896	0.205896
1987	2276	1248	220	0.0966608	0.176282
1988	2565	1565	220	0.08577	0.140575
1989	1832	0	0	0	0
1990	1374	1000	220	0.160116	0.22
1991	2703	1452	632	0.233814	0.435262
1992	920	920	376	0.408696	0.408696
1993	992	992	212	0.21371	0.21371
1994	2668	1674	220	0.0824588	0.131422
1995	1956	1321	220	0.112474	0.16654
1996	1650	676	0	0	0
1997	1842	0	0	0	0
1998	1004	1004	440	0.438247	0.438247
1999	1362	1362	440	0.323054	0.323054
2000	2257	2008	908	0.402304	0.452191
2001	5575	3575	635	0.113901	0.177622
2002	6816	1816	816	0.119718	0.449339
2003	6870	3478	1080	0.157205	0.310523
2004	5113	2000	440	0.0860552	0.22
2005	6552	2000	880	0.13431	0.44
2006	4427	829	0	0	0
2007	6957	1972	220	0.0316228	0.111562
2008	7762	2000	660	0.0850296	0.33
2009	7372	3247	880	0.119371	0.271019
2010	6818	3818	660	0.0968026	0.172865
2011	3409	2000	440	0.12907	0.22
2012	1140	1140	43	0.0377193	0.0377193
2013	1703	0	0	0	0
2014	1287	0	0	0	0
2015	962	0	0	0	0
2016	1678	803	220	0.131108	0.273973
2017	1107	1107	407	0.36766	0.36766
2018	1115	0	0	0	0
2019	963	0	0	0	0
2020	1455	0	0	0	0
2021	1289	628	28	0.0217223	0.044586
2022	1027	1027	74	0.0720545	0.0720545
2023	1859	1000	220	0.118343	0.22
2024	1642	1000	220	0.133983	0.22
2025	1529	1000	220	0.143885	0.22
2026	1121	820	220	0.196253	0.268293
2027	2470	0	0	0	0
2028	1689	1000	220	0.130255	0.22
2029	1282	0	0	0	0
2030	1259	930	220	0.174742	0.236559
2031	843	0	0	0	0
2032	1501	229	0	0	0
2033	960	0	0	0	0
2034	1046	0	0	0	0
2035	702	0	0	0	0
2036	853	0	0	0	0
2037	1379	766	220	0.159536	0.287206
2038	491	0	0	0	0
2039	2736	1000	220	0.0804094	0.22
2040	589	589	440	0.747029	0.747029
2041	987	33	0	0	0
2042	1452	0	0	0	0
2043	4129	0	0	0	0
2044	1015	0	0	0	0
2045	781	0	0	0	0
2046	1731	1731	341	0.196996	0.196996
2047	1177	1177	0	0	0
2048	1119	0	0	0	0
2049	993	109	29	0.0292044	0.266055
2050	3551	2459	919	0.2588	0.373729
2051	1387	0	0	0	0
2052	852	833	440	0.516432	0.528211
2053	1573	0	0	0	0
2054	1491	1000	200	0.134138	0.2
2055	817	651	31	0.0379437	0.047619
2056	849	849	89	0.104829	0.104829
2057	1776	165	0	0	0
2058	1352	185	0	0	0
2059	1104	154	0	0	0
2060	1996	1419	220	0.11022	0.155039
2061	1629	981	21	0.0128913	0.0214067
2062	1025	0	0	0	0
2063	1140	0	0	0	0
2064	1150	0	0	0	0
2065	2356	0	0	0	0
2066	1395	0	0	0	0
2067	1187	980	0	0	0
2068	1687	0	0	0	0
2069	1372	838	218	0.158892	0.260143
2070	1206	455	200	0.165837	0.43956
2071	851	343	220	0.258519	0.641399
2072	1187	0	0	0	0
2073	1116	801	220	0.197133	0.274657
2074	1576	0	0	0	0
2075	4307	2307	440	0.102159	0.190724
2076	4748	2000	640	0.134794	0.32
2077	1577	1000	440	0.279011	0.44
2078	1127	34	0	0	0
2079	1143	1143	220	0.192476	0.192476
2080	597	0	0	0	0
2081	1355	167	0	0	0
2082	699	131	0	0	0
2083	1184	1184	210	0.177365	0.177365
2084	1145	0	0	0	0
2085	840	0	0	0	0
2086	1304	592	0	0	0
2087	1393	1393	313	0.224695	0.224695
2088	1079	1079	220	0.203892	0.203892
2089	1776	0	0	0	0
2090	1792	0	0	0	0
2091	2332	1332	440	0.188679	0.33033
2092	2363	1000	220	0.093102	0.22
2093	2374	0	0	0	0
2094	1001	0	0	0	0
2095	1306	942	62	0.0474732	0.0658174
2096	1052	693	0	0	0
2097	961	961	168	0.174818	0.174818
2098	1045	542	0	0	0
2099	1578	1578	220	0.139417	0.139417
2100	1578	1251	220	0.139417	0.175859
2101	1440	0	0	0	0
2102	900	0	0	0	0
2103	859	244	0	0	0
2104	2883	1883	405	0.140479	0.215082
2105	1639	653	693	0.422819	1.06126
2106	2528	0	0	0	0
2107	2091	0	0	0	0
2108	2192	0	0	0	0
2109	976	0	0	0	0
2110	1939	863	660	0.340382	0.764774
2111	1453	1453	220	0.151411	0.151411
2112	1004	840	220	0.219124	0.261905
2113	1272	1000	220	0.172956	0.22
2114	1412	610	220	0.155807	0.360656
2115	1067	1056	220	0.206186	0.208333
2116	2040	359	0	0	0
2117	1859	0	0	0	0
2118	1525	1525	856	0.561311	0.561311
2119	1908	1000	220	0.115304	0.22
2120	1306	1306	556	0.425727	0.425727
2121	1520	1000	220	0.144737	0.22
2122	914	0	0	0	0
2123	1547	502	0	0	0
2124	1787	0	0	0	0
2125	1646	807	167	0.101458	0.206939
2126	2751	2000	220	0.0799709	0.11
2127	1213	1213	220	0.181369	0.181369
2128	674	183	0	0	0
2129	769	0	0	0	0
2130	561	561	490	0.87344	0.87344
2131	991	675	0	0	0
2132	1477	1477	399	0.270142	0.270142
2133	1560	560	0	0	0
2134	902	586	220	0.243902	0.375427
2135	917	0	0	0	0
2136	998	0	0	0	0
2137	1669	359	0	0	0
2138	1426	0	0	0	0
2139	933	933	65	0.0696677	0.0696677
2140	1862	278	118	0.0633727	0.42446
2141	1802	981	1	0.000554939	0.00101937
2142	788	0	0	0	0
2143	1328	0	0	0	0
2144	1463	1463	436	0.298018	0.298018
2145	1611	0	0	0	0
2146	1094	0	0	0	0
2147	1291	0	0	0	0
2148	1416	608	368	0.259887	0.605263
2149	664	664	2790	4.20181	4.20181
2150	2607	1607	313	0.120061	0.194773
2151	951	0	0	0	0
2152	1832	0	0	0	0
2153	1675	1675	2009	1.1994	1.1994
2154	2493	897	220	0.0882471	0.245262
2155	2504	1000	220	0.0878594	0.22
2156	2510	1510	880	0.350598	0.582781
2157	2504	419	200	0.0798722	0.477327
2158	2537	1922	440	0.173433	0.228928
2159	2507	2507	440	0.175509	0.175509
2160	2505	0	0	0	0
2161	2515	1000	440	0.17495	0.44
2162	2515	1000	220	0.0874751	0.22
2163	2511	1577	220	0.0876145	0.139505
2164	2507	1880	220	0.0877543	0.117021
2165	2515	778	0	0	0
2166	2514	2124	660	0.26253	0.310734
2167	2513	1425	420	0.167131	0.294737
2168	2508	0	0	0	0
2169	2509	143	0	0	0
2170	2576	0	0	0	0
2171	2503	0	0	0	0
2172	2506	0	0	0	0
2173	2503	1000	440	0.175789	0.44
2174	2506	0	0	0	0
2175	2506	0	0	0	0
2176	2504	1000	220	0.0878594	0.22
2177	2507	1284	624	0.248903	0.485981
2178	2506	0	0	0	0
2179	2511	0	0	0	0
2180	2512	2512	1100	0.437898	0.437898
2181	2587	1559	220	0.0850406	0.141116
2182	2512	1495	440	0.175159	0.294314
2183	3595	2595	440	0.122392	0.169557
2184	3529	1838	420	0.119014	0.228509
2185	3510	2000	660	0.188034	0.33
2186	3509	359	0	0	0
2187	3513	7	0	0	0
2188	3509	483	0	0	0
2189	3507	0	0	0	0
2190	3516	1601	421	0.119738	0.262961
2191	3512	2677	660	0.187927	0.246545
2192	3504	1752	252	0.0719178	0.143836
2193	3510	1572	220	0.0626781	0.139949
2194	3503	0	0	0	0
2195	3504	532	0	0	0
2196	3506	480	0	0	0
2197	3518	2000	660	0.187607	0.33
2198	3501	1746	440	0.125678	0.252005
2199	3703	642	162	0.0437483	0.252336
2200	3401	10	0	0	0
2201	2508	508	14	0.00558214	0.0275591
2202	955	0	0	0	0
2203	1039	0	0	0	0
2204	909	541	220	0.242024	0.406654
2205	973	973	220	0.226105	0.226105
2206	1007	0	0	0	0
2207	1528	1143	220	0.143979	0.192476
2208	1022	541	220	0.215264	0.406654
2209	1342	805	220	0.163934	0.273292
2210	909	534	0	0	0
2211	1180	0	0	0	0
2212	1481	0	0	0	0
2213	1113	0	0	0	0
2214	330	0	0	0	0
2215	2502	0	0	0	0
2216	2268	0	0	0	0
2217	3342	1382	220	0.0658288	0.15919
2218	2525	0	0	0	0
2219	2499	496	0	0	0
2220	2499	754	220	0.0880352	0.291777
2221	3045	0	0	0	0
2222	4399	114	0	0	0
2223	3501	1501	220	0.0628392	0.146569
2224	3510	1000	220	0.0626781	0.22
2225	3506	2983	440	0.125499	0.147503
2226	3125	0	0	0	0
2227	3095	2611	660	0.213247	0.252777
2228	3537	0	0	0	0
2229	3931	2446	880	0.223862	0.359771
2230	3956	0	0	0	0
2231	4202	0	0	0	0
2232	3820	939	220	0.0575916	0.234292
2233	3746	1838	298	0.0795515	0.162133
2234	4202	0	0	0	0
2235	3807	0	0	0	0
2236	4533	165	45	0.0099272	0.272727
2237	4342	2908	440	0.101336	0.151307
2238	2672	1875	660	0.247006	0.352
2239	3273	1000	440	0.134433	0.44
2240	3785	1000	200	0.0528402	0.2
2241	3629	2479	440	0.121246	0.177491
2242	3356	0	0	0	0
2243	2371	0	0	0	0
2244	3032	537	17	0.00560686	0.0316574
2245	2049	0	0	0	0
2246	2071	383	0	0	0
2247	2700	1000	220	0.0814815	0.22
2248	1282	959	220	0.171607	0.229406
2249	1240	279	0	0	0
2250	1889	0	0	0	0
2251	1233	0	0	0	0
2252	1915	1340	440	0.229765	0.328358
2253	1959	863	220	0.112302	0.254925
2254	1332	907	220	0.165165	0.242558
2255	1678	1000	220	0.131108	0.22
2256	1572	572	220	0.139949	0.384615
2257	1924	1000	220	0.114345	0.22
2258	1639	1639	566	0.345333	0.345333
2259	1575	1000	220	0.139683	0.22
2260	2543	2543	1080	0.424695	0.424695
2261	2251	68	0	0	0
2262	1421	0	0	0	0
2263	856	0	0	0	0
2264	1556	1556	575	0.369537	0.369537
2265	1105	0	0	0	0
2266	3549	0	0	0	0
2267	1547	0	0	0	0
2268	3086	1086	0	0	0
2269	2844	0	0	0	0
2270	1718	1718	670	0.389988	0.389988
2271	2817	2000	440	0.156195	0.22
2272	3285	0	0	0	0
2273	2654	2402	1100	0.414469	0.457952
2274	1880	1880	560	0.297872	0.297872
2275	1339	737	297	0.221807	0.402985
2276	1609	0	0	0	0
2277	2553	297	0	0	0
2278	3016	632	220	0.0729443	0.348101
2279	3278	1000	220	0.0671141	0.22
2280	2037	2037	660	0.324006	0.324006
2281	2966	479	220	0.074174	0.45929
2282	2408	841	220	0.0913621	0.261593
2283	2343	1920	880	0.375587	0.458333
2284	1858	0	0	0	0
2285	3412	1511	440	0.128957	0.291198
2286	1836	836	150	0.0816993	0.179426
2287	2710	0	0	0	0
2288	1937	0	0	0	0
2289	1004	1004	306	0.304781	0.304781
2290	1409	1204	420	0.298084	0.348837
2291	4101	0	0	0	0
2292	3588	1802	440	0.122631	0.244173
2293	3346	0	0	0	0
2294	3373	1620	600	0.177883	0.37037
2295	3462	0	0	0	0
2296	4395	1605	220	0.0500569	0.137072
2297	3612	2612	440	0.121816	0.168453
2298	3426	1000	220	0.0642148	0.22
2299	3622	3622	2342	0.646604	0.646604
2300	3638	2638	440	0.120946	0.166793
2301	3471	0	0	0	0
2302	3820	1000	220	0.0575916	0.22
2303	3506	2411	440	0.125499	0.182497
2304	3119	0	0	0	0
2305	4152	4152	3583	0.862958	0.862958
2306	3064	2064	660	0.215405	0.319767
2307	3027	2189	660	0.218038	0.301508
2308	3002	1846	220	0.0732845	0.119177
2309	1240	0	0	0	0
2310	2005	929	0	0	0
2311	3305	3305	1080	0.326778	0.326778
2312	2915	0	0	0	0
2313	2325	0	0	0	0
2314	1134	0	0	0	0
2315	2511	1445	440	0.175229	0.304498
2316	1515	0	0	0	0
2317	2311	702	220	0.0951969	0.31339
2318	1561	0	0	0	0
2319	1565	0	0	0	0
2320	1772	0	0	0	0
2321	1828	1378	220	0.12035	0.159652
2322	1892	157	0	0	0
2323	2335	0	0	0	0
2324	2541	0	0	0	0
2325	2198	1000	220	0.100091	0.22
2326	2432	1366	246	0.101151	0.180088
2327	2111	0	0	0	0
2328	4976	0	0	0	0
2329	2999	1999	440	0.146716	0.22011
2330	4295	2000	440	0.102445	0.22
2331	5117	5117	3866	0.755521	0.755521
2332	5099	2737	440	0.0862914	0.16076
2333	4003	0	0	0	0
2334	5091	3661	640	0.125712	0.174816
2335	4706	924	220	0.0467488	0.238095
2336	4189	366	0	0	0
2337	3546	857	440	0.124083	0.513419
2338	4542	1950	660	0.14531	0.338462
2339	4775	3000	660	0.13822	0.22
2340	4548	3000	1080	0.237467	0.36
2341	5027	3000	880	0.175055	0.293333
2342	4244	1318	220	0.0518379	0.16692
2343	3264	2000	440	0.134804	0.22
2344	3003	0	0	0	0
2345	3969	2969	880	0.221718	0.296396
2346	4594	2000	220	0.0478886	0.11
2347	3590	0	0	0	0
2348	4988	1000	220	0.0441059	0.22
2349	2838	1878	420	0.147992	0.223642
2350	3138	541	121	0.0385596	0.22366
2351	4010	0	0	0	0
2352	2532	1000	200	0.0789889	0.2
2353	4353	1498	1100	0.252699	0.734312
2354	3072	2072	880	0.286458	0.42471
2355	3822	1822	295	0.0771847	0.16191
2356	3322	2783	660	0.198675	0.237154
2357	3823	0	0	0	0
2358	4862	317	200	0.0411353	0.630915
2359	4181	2571	831	0.198756	0.323221
2360	3028	1587	407	0.134412	0.256459
2361	3089	2089	215	0.0696018	0.10292
2362	3048	0	0	0	0
2363	3130	374	14	0.00447284	0.0374332
2364	2918	0	0	0	0
2365	2985	1000	220	0.0737018	0.22
2366	2370	1000	440	0.185654	0.44
2367	2809	0	0	0	0
2368	4971	0	0	0	0
2369	3825	2097	440	0.115033	0.209824
2370	3889	1939	440	0.11314	0.226921
2371	3805	2805	440	0.115637	0.156863
2372	2730	0	0	0	0
2373	2011	513	0	0	0
2374	2754	736	0	0	0
2375	2239	1046	172	0.07682	0.164436
2376	2434	1000	440	0.180772	0.44
2377	3785	1000	220	0.0581242	0.22
2378	4420	2000	440	0.0995475	0.22
2379	4059	2118	660	0.162602	0.311615
2380	4229	170	0	0	0
2381	3661	1405	220	0.0600929	0.156584
2382	2845	2289	660	0.231986	0.288336
2383	2702	0	0	0	0
2384	3262	0	0	0	0
2385	2814	872	192	0.0682303	0.220183
2386	3074	0	0	0	0
2387	2715	715	123	0.0453039	0.172028
2388	4264	0	0	0	0
2389	3362	0	0	0	0
2390	2608	1608	279	0.106979	0.173507
2391	3401	1000	220	0.0646869	0.22
2392	2892	1028	220	0.0760719	0.214008
2393	3526	1342	220	0.0623936	0.163934
2394	2579	579	220	0.0853044	0.379965
2395	3699	1000	220	0.0594755	0.22
2396	2790	1204	200	0.0716846	0.166113
2397	2885	2000	440	0.152513	0.22
2398	2773	1000	220	0.0793365	0.22
2399	2801	0	0	0	0
2400	2942	2000	220	0.0747791	0.11
2401	3190	2190	226	0.0708464	0.103196
2402	4638	1826	880	0.189737	0.481928
2403	4799	2990	880	0.183372	0.294314
2404	4113	1113	0	0	0
2405	4255	0	0	0	0
2406	2736	811	220	0.0804094	0.27127
2407	3480	616	56	0.016092	0.0909091
2408	2767	349	0	0	0
2409	2686	342	0	0	0
2410	4039	1067	220	0.0544689	0.206186
2411	3074	1074	287	0.0933637	0.267225
2412	2458	1381	660	0.268511	0.477915
2413	2857	1000	220	0.0770039	0.22
2414	2648	2648	440	0.166163	0.166163
2415	2845	0	0	0	0
2416	2578	219	0	0	0
2417	2510	342	0	0	0
2418	2718	585	220	0.0809419	0.376068
2419	2889	0	0	0	0
2420	2721	0	0	0	0
2421	2826	568	220	0.0778485	0.387324
2422	2527	46	0	0	0
2423	2512	717	220	0.0875796	0.306834
2424	2697	396	0	0	0
2425	3412	2412	371	0.108734	0.153814
2426	2740	938	218	0.079562	0.232409
2427	2532	1000	220	0.0868878	0.22
2428	2624	1000	220	0.0838415	0.22
2429	4866	1866	440	0.0904233	0.235798
2430	4182	62	0	0	0
2431	5618	0	0	0	0
2432	3581	2000	440	0.122871	0.22
2433	3436	1567	220	0.0640279	0.140396
2434	1776	838	220	0.123874	0.26253
2435	5062	2000	220	0.0434611	0.11
2436	2361	1000	200	0.0847099	0.2
2437	4391	540	220	0.0501025	0.407407
2438	4017	1226	220	0.0547672	0.179445
2439	2691	2564	660	0.245262	0.25741
2440	3245	2635	660	0.20339	0.250474
2441	3790	1000	220	0.0580475	0.22
2442	2697	0	0	0	0
2443	2959	2641	440	0.148699	0.166604
2444	2491	1286	220	0.0883179	0.171073
2445	3513	0	0	0	0
2446	3036	1000	220	0.0724638	0.22
2447	4426	1107	220	0.0497063	0.198735
2448	2853	0	0	0	0
2449	3036	2000	440	0.144928	0.22
2450	5145	1048	220	0.04276	0.209924
2451	3746	1746	440	0.117459	0.252005
2452	5250	0	0	0	0
2453	3214	3214	860	0.267579	0.267579
2454	2372	1372	220	0.0927487	0.16035
2455	2773	1946	506	0.182474	0.260021
2456	4215	2650	220	0.0521945	0.0830189
2457	3644	3000	440	0.120746	0.146667
2458	4348	3245	880	0.202392	0.271186
2459	3526	1047	440	0.124787	0.420248
2460	3028	0	0	0	0
2461	4472	1994	440	0.09839	0.220662
2462	2553	1553	460	0.18018	0.296201
2463	1938	14	0	0	0
2464	2519	1000	220	0.0873362	0.22
2465	3173	0	0	0	0
2466	2817	0	0	0	0
2467	2643	0	0	0	0
2468	2873	1023	143	0.0497738	0.139785
2469	3611	1000	220	0.060925	0.22
2470	2267	979	440	0.194089	0.449438
2471	3510	0	0	0	0
2472	2146	0	0	0	0
2473	3747	2000	660	0.176141	0.33
2474	5385	0	0	0	0
2475	4479	1716	220	0.0491181	0.128205
2476	2897	0	0	0	0
2477	3522	1000	440	0.124929	0.44
2478	2819	2601	640	0.227031	0.246059
2479	3603	603	76	0.0210935	0.126036
2480	3749	2000	220	0.0586823	0.11
2481	4378	1378	56	0.0127912	0.0406386
2482	5559	1000	220	0.0395755	0.22
2483	3322	0	0	0	0
2484	4043	1000	220	0.054415	0.22
2485	5768	0	0	0	0
2486	4498	3222	660	0.146732	0.204842
2487	3895	2895	504	0.129397	0.174093
2488	3379	2379	1080	0.319621	0.453972
2489	4033	3033	777	0.192661	0.256182
2490	2479	0	0	0	0
2491	2598	2447	1080	0.415704	0.441357
2492	1170	1170	220	0.188034	0.188034
2493	2312	0	0	0	0
2494	1734	734	220	0.126874	0.299728
2495	3224	1000	220	0.0682382	0.22
2496	2202	311	11	0.00499546	0.0353698
2497	2574	0	0	0	0
2498	2450	2450	770	0.314286	0.314286
2499	3236	0	0	0	0
2500	3198	1323	220	0.068793	0.166289
2501	2564	1657	440	0.171607	0.26554
2502	1823	0	0	0	0
2503	2487	1219	220	0.08846	0.180476
2504	2266	2266	440	0.194175	0.194175
2505	3060	1842	762	0.24902	0.413681
2506	2926	0	0	0	0
2507	2909	47	0	0	0
2508	1485	1000	220	0.148148	0.22
2509	1790	790	0	0	0
2510	2757	1000	640	0.232136	0.64
2511	2862	0	0	0	0
2512	1604	0	0	0	0
2513	2137	0	0	0	0
2514	3012	0	0	0	0
2515	2993	351	0	0	0
2516	3008	731	200	0.0664894	0.273598
2517	3085	2000	440	0.142626	0.22
2518	2208	1208	414	0.1875	0.342715
2519	1927	1000	440	0.228334	0.44
2520	2232	0	0	0	0
2521	2018	1412	440	0.218038	0.311615
2522	2742	1046	440	0.160467	0.42065
2523	2014	0	0	0	0
2524	2000	1566	440	0.22	0.280971
2525	2000	2000	660	0.33	0.33
2526	2004	1998	860	0.429142	0.43043
2527	2020	797	0	0	0
2528	2836	1108	328	0.115656	0.296029
2529	2067	1067	220	0.106434	0.206186
2530	2001	1001	62	0.0309845	0.0619381
2531	1993	0	0	0	0
2532	2000	1000	220	0.11	0.22
2533	1987	1304	660	0.332159	0.506135
2534	1909	909	350	0.183342	0.385039
2535	2527	1000	440	0.17412	0.44
2536	3001	2001	440	0.146618	0.21989
2537	2873	1000	220	0.076575	0.22
2538	3033	1093	440	0.145071	0.402562
2539	1420	1267	200	0.140845	0.157853
2540	1903	1283	220	0.115607	0.171473
2541	2219	0	0	0	0
2542	2517	1000	220	0.0874056	0.22
2543	2418	0	0	0	0
2544	2059	70	0	0	0
2545	1597	1597	420	0.262993	0.262993
2546	1493	0	0	0	0
2547	2705	880	220	0.0813309	0.25
2548	1436	0	0	0	0
2549	2026	0	0	0	0
2550	1916	0	0	0	0
2551	1510	510	170	0.112583	0.333333
2552	1448	489	0	0	0
2553	3082	1621	321	0.104153	0.198026
2554	4042	2062	440	0.108857	0.213385
2555	2936	0	0	0	0
2556	2555	0	0	0	0
2557	2363	1363	220	0.093102	0.161409
2558	1365	1365	325	0.238095	0.238095
2559	3025	756	220	0.0727273	0.291005
2560	2987	1103	563	0.188483	0.510426
2561	1597	1232	220	0.137758	0.178571
2562	1979	0	0	0	0
2563	1709	1709	922	0.539497	0.539497
2564	2592	183	0	0	0
2565	2843	1639	660	0.232149	0.402685
2566	2257	0	0	0	0
2567	2176	1710	440	0.202206	0.25731
2568	3524	3365	3265	0.926504	0.970282
2569	2001	1506	220	0.109945	0.146082
2570	2978	2978	1320	0.443251	0.443251
2571	2550	514	0	0	0
2572	2432	2432	220	0.0904605	0.0904605
2573	2816	0	0	0	0
2574	2372	2372	462	0.194772	0.194772
2575	2384	1054	154	0.0645973	0.14611
2576	2260	1922	440	0.19469	0.228928
2577	2380	2380	540	0.226891	0.226891
2578	1927	0	0	0	0
2579	3007	0	0	0	0
2580	2435	1000	220	0.0903491	0.22
