0	639	639	660	1.03286	1.03286
1	1641	1641	2022	1.23218	1.23218
2	1309	657	220	0.168067	0.334855
3	1162	1162	440	0.378657	0.378657
4	1390	1390	797	0.573381	0.573381
5	1568	1568	890	0.567602	0.567602
6	1599	1599	1740	1.08818	1.08818
7	1433	686	440	0.307048	0.641399
8	1413	1413	440	0.311394	0.311394
9	1616	1616	420	0.259901	0.259901
10	1336	944	200	0.149701	0.211864
11	1299	0	0	0	0
12	1664	1664	39	0.0234375	0.0234375
13	1611	1611	629	0.390441	0.390441
14	1645	1645	965	0.586626	0.586626
15	1410	122	0	0	0
16	920	513	220	0.23913	0.42885
17	1562	1562	1378	0.882202	0.882202
18	1581	1581	1100	0.695762	0.695762
19	1576	1576	934	0.59264	0.59264
20	1259	825	220	0.174742	0.266667
21	1322	584	228	0.172466	0.390411
22	849	849	0	0	0
23	1281	874	220	0.171741	0.251716
24	1098	815	880	0.801457	1.07975
25	1192	763	220	0.184564	0.288336
26	715	715	0	0	0
27	1058	1058	440	0.415879	0.415879
28	972	972	415	0.426955	0.426955
29	892	892	0	0	0
30	1929	1929	918	0.475894	0.475894
31	1135	1135	220	0.193833	0.193833
32	1284	1284	440	0.342679	0.342679
33	1006	1006	270	0.26839	0.26839
34	1283	1283	440	0.342946	0.342946
35	970	970	640	0.659794	0.659794
36	929	655	660	0.710441	1.00763
37	2047	1047	440	0.214949	0.420248
38	825	37	0	0	0
39	892	892	440	0.493274	0.493274
40	1144	1144	1100	0.961538	0.961538
41	620	620	802	1.29355	1.29355
42	1340	1340	635	0.473881	0.473881
43	916	916	676	0.737991	0.737991
44	1013	1013	440	0.434353	0.434353
45	462	462	262	0.5671	0.5671
46	1507	1507	640	0.424685	0.424685
47	611	0	0	0	0
48	859	859	237	0.275902	0.275902
49	1240	1240	924	0.745161	0.745161
50	951	951	105	0.11041	0.11041
51	1430	459	139	0.0972028	0.302832
52	1092	1092	186	0.17033	0.17033
53	1121	1121	401	0.357716	0.357716
54	1400	712	52	0.0371429	0.0730337
55	1127	1127	592	0.525288	0.525288
56	1189	1189	340	0.285955	0.285955
57	1052	1052	220	0.209125	0.209125
58	1466	852	1072	0.731241	1.25822
59	858	39	0	0	0
60	906	906	220	0.242826	0.242826
61	1376	1376	440	0.319767	0.319767
62	729	729	220	0.301783	0.301783
63	1424	1424	1100	0.772472	0.772472
64	1241	879	440	0.354553	0.500569
65	1099	793	220	0.200182	0.277427
66	961	961	200	0.208117	0.208117
67	1281	1281	660	0.515222	0.515222
68	862	862	220	0.25522	0.25522
69	918	918	380	0.413943	0.413943
70	660	660	291	0.440909	0.440909
71	1155	972	440	0.380952	0.452675
72	846	846	1256	1.48463	1.48463
73	1301	1301	745	0.572636	0.572636
74	1547	1547	2246	1.45184	1.45184
75	1338	1338	1443	1.07848	1.07848
76	850	850	440	0.517647	0.517647
77	1223	1223	299	0.244481	0.244481
78	1168	1168	32	0.0273973	0.0273973
79	1500	1467	440	0.293333	0.299932
80	1243	1243	220	0.176991	0.176991
81	1255	1255	317	0.25259	0.25259
82	905	905	285	0.314917	0.314917
83	1309	1309	880	0.672269	0.672269
84	735	0	0	0	0
85	1160	1160	220	0.189655	0.189655
86	1314	1314	589	0.44825	0.44825
87	1137	1137	310	0.272647	0.272647
88	1328	1328	508	0.38253	0.38253
89	1513	1513	239	0.157964	0.157964
90	1465	465	0	0	0
91	1271	1271	191	0.150275	0.150275
92	1462	1462	220	0.150479	0.150479
93	1354	1354	500	0.369276	0.369276
94	1598	1598	1361	0.85169	0.85169
95	3058	2591	1540	0.503597	0.594365
96	2273	2273	1993	0.876815	0.876815
97	1470	720	220	0.14966	0.305556
98	1910	1910	838	0.438743	0.438743
99	1853	1853	1100	0.593632	0.593632
100	1244	1244	1540	1.23794	1.23794
101	2020	2020	1320	0.653465	0.653465
102	1502	1502	440	0.292943	0.292943
103	1749	1749	1254	0.716981	0.716981
104	2890	2890	880	0.304498	0.304498
105	1919	1567	220	0.114643	0.140396
106	1702	1702	221	0.129847	0.129847
107	1689	1689	440	0.260509	0.260509
108	2110	2110	440	0.208531	0.208531
109	776	776	522	0.67268	0.67268
110	999	985	220	0.22022	0.22335
111	1259	1259	208	0.16521	0.16521
112	2504	1962	440	0.175719	0.224261
113	520	0	0	0	0
114	2605	1876	660	0.253359	0.351812
115	835	0	0	0	0
116	779	399	0	0	0
117	1316	433	220	0.167173	0.508083
118	974	974	440	0.451745	0.451745
119	1912	912	440	0.230126	0.482456
120	2085	1934	440	0.211031	0.227508
121	2548	1548	660	0.259027	0.426357
122	1616	1616	660	0.408416	0.408416
123	1970	1917	440	0.22335	0.229525
124	2307	1553	1013	0.439098	0.652286
125	1809	988	220	0.121614	0.222672
126	1506	600	0	0	0
127	1661	1661	869	0.523179	0.523179
128	3872	2872	904	0.233471	0.314763
129	726	73	0	0	0
130	1222	1222	782	0.639935	0.639935
131	1471	1471	520	0.353501	0.353501
132	1630	642	182	0.111656	0.283489
133	1379	1379	974	0.706309	0.706309
134	1467	467	220	0.149966	0.471092
135	1645	1645	220	0.133739	0.133739
136	1885	1885	1504	0.797878	0.797878
137	1563	563	0	0	0
138	1210	1210	390	0.322314	0.322314
139	1334	1334	440	0.329835	0.329835
140	1187	1187	730	0.614996	0.614996
141	1406	1406	1208	0.859175	0.859175
142	1065	1065	915	0.859155	0.859155
143	1238	1238	1100	0.88853	0.88853
144	1552	1552	975	0.628222	0.628222
145	1559	1559	440	0.282232	0.282232
146	1306	1306	77	0.0589587	0.0589587
147	1350	884	220	0.162963	0.248869
148	1435	1435	440	0.30662	0.30662
149	1614	1614	1300	0.805452	0.805452
150	827	827	867	1.04837	1.04837
151	1903	1903	1320	0.693642	0.693642
152	1337	1337	788	0.589379	0.589379
153	1461	461	0	0	0
154	1042	458	398	0.381958	0.868996
155	1648	648	0	0	0
156	1208	1208	3734	3.09106	3.09106
157	1430	1430	530	0.370629	0.370629
158	1363	1363	219	0.160675	0.160675
159	1693	1693	750	0.443001	0.443001
160	1203	1039	220	0.182876	0.211742
161	1198	1198	660	0.550918	0.550918
162	1363	1363	482	0.353632	0.353632
163	1506	1506	880	0.584329	0.584329
164	2339	2339	839	0.3587	0.3587
165	2166	1166	880	0.406279	0.754717
166	2250	2230	660	0.293333	0.295964
167	1334	0	0	0	0
168	1818	762	220	0.121012	0.288714
169	2011	1899	879	0.437096	0.462875
170	2163	1361	220	0.101711	0.161646
171	1743	1743	440	0.252438	0.252438
172	1329	0	0	0	0
173	1296	1296	1453	1.12114	1.12114
174	1072	1072	819	0.763993	0.763993
175	1803	1226	440	0.244038	0.358891
176	1591	786	440	0.276556	0.559796
177	937	637	0	0	0
178	970	756	0	0	0
179	1462	1462	2622	1.79343	1.79343
180	1560	1560	612	0.392308	0.392308
181	1687	1687	407	0.241257	0.241257
182	1610	1610	894	0.55528	0.55528
183	1641	1641	880	0.536258	0.536258
184	1468	293	266	0.181199	0.90785
185	1727	1727	491	0.284308	0.284308
186	1303	1303	440	0.337682	0.337682
187	1806	829	220	0.121816	0.26538
188	1541	770	0	0	0
189	1564	1100	440	0.28133	0.4
190	672	672	484	0.720238	0.720238
191	1593	1593	343	0.215317	0.215317
192	1004	1004	369	0.36753	0.36753
193	1042	1042	382	0.366603	0.366603
194	1800	1800	660	0.366667	0.366667
195	1304	1304	440	0.337423	0.337423
196	2487	2266	826	0.332127	0.364519
197	1358	1358	660	0.486009	0.486009
198	1264	0	0	0	0
199	1022	1022	726	0.710372	0.710372
200	1992	1786	440	0.220884	0.246361
201	592	478	220	0.371622	0.460251
202	1904	1904	1164	0.611345	0.611345
203	1505	1505	1585	1.05316	1.05316
204	1649	1611	660	0.400243	0.409683
205	1509	840	400	0.265076	0.47619
206	1762	1762	1074	0.609535	0.609535
207	1712	1712	440	0.257009	0.257009
208	1527	1527	660	0.43222	0.43222
209	1153	1153	583	0.505637	0.505637
210	1355	0	0	0	0
211	1412	1412	1438	1.01841	1.01841
212	1017	1017	660	0.648968	0.648968
213	1255	378	220	0.175299	0.582011
214	1015	1015	0	0	0
215	1562	0	0	0	0
216	1920	1920	440	0.229167	0.229167
217	1626	1626	686	0.421894	0.421894
218	932	932	310	0.332618	0.332618
219	1340	1340	1880	1.40299	1.40299
220	1224	1224	544	0.444444	0.444444
221	514	514	217	0.422179	0.422179
222	484	484	1032	2.13223	2.13223
223	875	237	0	0	0
224	1024	1024	440	0.429688	0.429688
225	720	720	409	0.568056	0.568056
226	2231	1816	440	0.197221	0.242291
227	1266	266	0	0	0
228	785	0	0	0	0
229	855	466	0	0	0
230	1638	1254	440	0.26862	0.350877
231	1531	1531	220	0.143697	0.143697
232	1009	1009	220	0.218038	0.218038
233	1320	1320	405	0.306818	0.306818
234	1421	1421	406	0.285714	0.285714
235	560	560	500	0.892857	0.892857
236	1021	1021	420	0.411361	0.411361
237	1019	1019	857	0.841021	0.841021
238	1822	1822	1226	0.672887	0.672887
239	1019	1019	860	0.843965	0.843965
240	1703	1000	440	0.258368	0.44
241	1111	1111	262	0.235824	0.235824
242	614	0	0	0	0
243	742	742	902	1.21563	1.21563
244	1337	1337	660	0.493642	0.493642
245	1222	1222	1419	1.16121	1.16121
246	1551	1551	1080	0.696325	0.696325
247	1305	1305	440	0.337165	0.337165
248	1122	1122	843	0.751337	0.751337
249	709	709	1427	2.01269	2.01269
250	2028	2028	2174	1.07199	1.07199
251	1197	1197	525	0.438596	0.438596
252	1325	1325	789	0.595472	0.595472
253	453	453	576	1.27152	1.27152
254	858	858	478	0.55711	0.55711
255	1405	0	0	0	0
256	751	751	220	0.292943	0.292943
257	663	663	258	0.38914	0.38914
258	612	612	704	1.15033	1.15033
259	1332	392	0	0	0
260	1048	1048	278	0.265267	0.265267
261	967	967	440	0.455016	0.455016
262	782	593	220	0.28133	0.370995
263	1164	1164	1554	1.33505	1.33505
264	632	0	0	0	0
265	606	606	106	0.174917	0.174917
266	1105	1105	811	0.733937	0.733937
267	1102	1102	440	0.399274	0.399274
268	721	721	440	0.610264	0.610264
269	1898	1573	440	0.231823	0.27972
270	1599	1599	348	0.217636	0.217636
271	501	0	0	0	0
272	1588	1588	220	0.138539	0.138539
273	909	909	420	0.462046	0.462046
274	613	447	660	1.07667	1.47651
275	816	453	393	0.481618	0.86755
276	321	321	101	0.314642	0.314642
277	648	464	184	0.283951	0.396552
278	609	609	429	0.704433	0.704433
279	1109	1109	440	0.396754	0.396754
280	759	759	435	0.573123	0.573123
281	1545	1545	860	0.556634	0.556634
282	1367	1367	814	0.595465	0.595465
283	1602	1602	964	0.601748	0.601748
284	2211	2211	640	0.289462	0.289462
285	524	524	0	0	0
286	1137	1137	362	0.318382	0.318382
287	1449	1449	594	0.409938	0.409938
288	1438	1438	224	0.155772	0.155772
289	757	757	197	0.260238	0.260238
290	1473	1473	273	0.185336	0.185336
291	1117	207	0	0	0
292	720	342	0	0	0
293	778	778	220	0.282776	0.282776
294	1323	351	0	0	0
295	1712	712	220	0.128505	0.308989
296	881	881	415	0.471056	0.471056
297	1258	1258	1158	0.920509	0.920509
298	681	0	0	0	0
299	1898	1898	553	0.291359	0.291359
300	525	525	0	0	0
301	709	709	104	0.146685	0.146685
302	428	428	696	1.62617	1.62617
303	1045	685	105	0.100478	0.153285
304	700	700	0	0	0
305	705	705	868	1.23121	1.23121
306	440	0	0	0	0
307	748	748	178	0.237968	0.237968
308	1355	0	0	0	0
309	1819	1471	220	0.120946	0.149558
310	1311	1311	420	0.320366	0.320366
311	770	69	0	0	0
312	704	704	92	0.130682	0.130682
313	1023	129	0	0	0
314	974	0	0	0	0
315	705	666	126	0.178723	0.189189
316	2149	2149	440	0.204746	0.204746
317	2976	2976	3775	1.26848	1.26848
318	1200	1200	660	0.55	0.55
319	883	71	0	0	0
320	902	902	162	0.179601	0.179601
321	1674	1674	220	0.131422	0.131422
322	1127	176	0	0	0
323	714	714	510	0.714286	0.714286
324	521	521	265	0.508637	0.508637
325	1037	1037	453	0.436837	0.436837
326	967	967	1216	1.2575	1.2575
327	709	709	660	0.930889	0.930889
328	595	0	0	0	0
329	1133	1133	440	0.38835	0.38835
330	1453	1453	499	0.343427	0.343427
331	1224	1224	440	0.359477	0.359477
332	1606	1606	999	0.622042	0.622042
333	1704	704	97	0.0569249	0.137784
334	1041	1041	220	0.211335	0.211335
335	1046	1046	0	0	0
336	881	130	0	0	0
337	820	820	220	0.268293	0.268293
338	1260	1260	624	0.495238	0.495238
339	1013	1013	220	0.217177	0.217177
340	1454	1454	1257	0.864512	0.864512
341	858	858	0	0	0
342	1690	1690	880	0.52071	0.52071
343	889	889	686	0.771654	0.771654
344	1066	1066	36	0.0337711	0.0337711
345	1215	1215	220	0.18107	0.18107
346	1321	1321	141	0.106737	0.106737
347	1012	1012	232	0.229249	0.229249
348	602	602	0	0	0
349	677	677	507	0.748892	0.748892
350	505	505	508	1.00594	1.00594
351	800	800	495	0.61875	0.61875
352	722	722	420	0.581717	0.581717
353	1564	1564	304	0.194373	0.194373
354	1624	1624	420	0.258621	0.258621
355	615	615	163	0.265041	0.265041
356	1022	1022	454	0.444227	0.444227
357	1810	810	267	0.147514	0.32963
358	1664	1041	220	0.132212	0.211335
359	1020	1020	440	0.431373	0.431373
360	969	969	1260	1.30031	1.30031
361	847	847	220	0.25974	0.25974
362	1064	0	0	0	0
363	957	818	0	0	0
364	1724	1724	440	0.25522	0.25522
365	1713	901	660	0.385289	0.732519
366	603	603	653	1.08292	1.08292
367	767	767	321	0.418514	0.418514
368	781	751	0	0	0
369	1024	605	0	0	0
370	772	132	0	0	0
371	938	938	406	0.432836	0.432836
372	872	720	220	0.252294	0.305556
373	929	208	0	0	0
374	556	556	1071	1.92626	1.92626
375	526	526	532	1.01141	1.01141
376	824	430	150	0.182039	0.348837
377	986	986	483	0.489858	0.489858
378	1173	1173	1274	1.0861	1.0861
379	1401	1401	440	0.314061	0.314061
380	2748	2139	1300	0.473071	0.607761
381	2170	1694	220	0.101382	0.12987
382	1687	571	0	0	0
383	2166	1000	220	0.10157	0.22
384	1431	628	108	0.0754717	0.171975
385	531	531	368	0.693032	0.693032
386	3237	2237	1221	0.377201	0.54582
387	731	358	438	0.599179	1.22346
388	758	301	0	0	0
389	1876	876	230	0.122601	0.262557
390	992	992	514	0.518145	0.518145
391	703	703	449	0.638691	0.638691
392	704	704	0	0	0
393	643	643	220	0.342146	0.342146
394	811	811	72	0.0887793	0.0887793
395	654	654	111	0.169725	0.169725
396	999	999	639	0.63964	0.63964
397	1089	1089	0	0	0
398	905	905	220	0.243094	0.243094
399	786	488	0	0	0
400	751	751	80	0.106525	0.106525
401	898	0	0	0	0
402	1418	1418	658	0.464034	0.464034
403	1158	1158	220	0.189983	0.189983
404	964	964	310	0.321577	0.321577
405	1015	1015	326	0.321182	0.321182
406	866	866	0	0	0
407	850	850	0	0	0
408	945	945	440	0.465608	0.465608
409	850	0	0	0	0
410	1062	0	0	0	0
411	733	251	0	0	0
412	971	971	860	0.885685	0.885685
413	632	632	162	0.256329	0.256329
414	721	721	220	0.305132	0.305132
415	1101	1101	11492	10.4378	10.4378
416	1148	1148	248	0.216028	0.216028
417	1113	1113	6178	5.55076	5.55076
418	607	607	5151	8.486	8.486
419	838	838	998	1.19093	1.19093
420	641	641	621	0.968799	0.968799
421	906	906	1392	1.53642	1.53642
422	1075	1075	779	0.724651	0.724651
423	854	854	925	1.08314	1.08314
424	514	514	3322	6.46304	6.46304
425	1754	754	57	0.0324971	0.0755968
426	1213	592	0	0	0
427	605	0	0	0	0
428	1275	1275	1760	1.38039	1.38039
429	739	739	440	0.595399	0.595399
430	1056	1056	197	0.186553	0.186553
431	557	557	737	1.32316	1.32316
432	653	653	220	0.336907	0.336907
433	562	562	686	1.22064	1.22064
434	503	503	54	0.107356	0.107356
435	639	639	440	0.688576	0.688576
436	1036	1036	176	0.169884	0.169884
437	554	554	0	0	0
438	1199	1199	1080	0.900751	0.900751
439	549	549	1100	2.00364	2.00364
440	2100	1500	980	0.466667	0.653333
441	512	512	440	0.859375	0.859375
442	801	801	1097	1.36954	1.36954
443	599	599	0	0	0
444	513	513	236	0.460039	0.460039
445	1637	1637	440	0.268784	0.268784
446	1200	1200	1747	1.45583	1.45583
447	850	850	2660	3.12941	3.12941
448	349	349	0	0	0
449	699	699	999	1.42918	1.42918
450	1301	1301	674	0.518063	0.518063
451	374	374	287	0.76738	0.76738
452	899	0	0	0	0
453	899	899	880	0.978865	0.978865
454	900	900	128	0.142222	0.142222
455	1238	1238	880	0.710824	0.710824
456	899	899	282	0.313682	0.313682
457	717	717	2837	3.95676	3.95676
458	627	627	244	0.389155	0.389155
459	2086	2086	741	0.355225	0.355225
460	2333	2295	1080	0.462923	0.470588
461	2171	2171	1540	0.709351	0.709351
462	2123	1847	440	0.207254	0.238224
463	1575	1536	440	0.279365	0.286458
464	1487	1487	220	0.147949	0.147949
465	2015	2015	1303	0.64665	0.64665
466	1193	1193	440	0.368818	0.368818
467	1578	824	84	0.0532319	0.101942
468	1121	1121	326	0.290812	0.290812
469	1114	1114	59	0.0529623	0.0529623
470	1414	1414	507	0.358557	0.358557
471	2170	2170	1158	0.533641	0.533641
472	1031	1031	220	0.213385	0.213385
473	1435	1435	220	0.15331	0.15331
474	1279	1279	420	0.328382	0.328382
475	1426	1426	586	0.41094	0.41094
476	1752	1752	355	0.202626	0.202626
477	1576	1246	786	0.498731	0.630819
478	1069	0	0	0	0
479	1965	1965	1365	0.694656	0.694656
480	1053	1053	220	0.208927	0.208927
481	1730	1730	1058	0.611561	0.611561
482	1022	942	122	0.119374	0.129512
483	1720	1720	440	0.255814	0.255814
484	907	907	2588	2.85336	2.85336
485	894	894	440	0.49217	0.49217
486	1059	1059	1567	1.4797	1.4797
487	1103	1103	220	0.199456	0.199456
488	784	784	440	0.561224	0.561224
489	2382	415	235	0.0986566	0.566265
490	2220	1220	60	0.027027	0.0491803
491	1409	1171	660	0.468417	0.563621
492	834	834	1231	1.47602	1.47602
493	1296	1296	880	0.679012	0.679012
494	1848	1104	660	0.357143	0.597826
495	1357	1048	880	0.648489	0.839695
496	995	712	220	0.221106	0.308989
497	1285	1285	1005	0.782101	0.782101
498	977	0	0	0	0
499	1883	1883	866	0.459904	0.459904
500	1308	1308	220	0.168196	0.168196
501	1097	1097	411	0.374658	0.374658
502	1409	526	0	0	0
503	1479	391	220	0.148749	0.56266
504	929	49	0	0	0
505	1088	1088	626	0.575368	0.575368
506	1480	335	220	0.148649	0.656716
507	1093	1093	758	0.693504	0.693504
508	1022	1022	846	0.827789	0.827789
509	776	776	440	0.56701	0.56701
510	1141	1141	222	0.194566	0.194566
511	2303	1303	378	0.164134	0.2901
512	681	211	0	0	0
513	1006	1006	574	0.570577	0.570577
514	1080	1080	220	0.203704	0.203704
515	904	501	0	0	0
516	1365	1365	860	0.630037	0.630037
517	1334	1334	0	0	0
518	1635	1635	440	0.269113	0.269113
519	1008	1008	1100	1.09127	1.09127
520	1235	1235	440	0.356275	0.356275
521	1322	837	77	0.0582451	0.0919952
522	1142	610	10	0.00875657	0.0163934
523	1334	1334	896	0.671664	0.671664
524	1677	1217	457	0.27251	0.375514
525	1025	1025	990	0.965854	0.965854
526	1136	0	0	0	0
527	1307	1307	241	0.184392	0.184392
528	1053	1053	604	0.573599	0.573599
529	873	404	204	0.233677	0.50495
530	1276	1008	220	0.172414	0.218254
531	977	977	440	0.450358	0.450358
532	1891	936	416	0.219989	0.444444
533	1305	1208	440	0.337165	0.364238
534	1798	1798	660	0.367075	0.367075
535	1143	406	186	0.16273	0.458128
536	855	855	615	0.719298	0.719298
537	1653	1653	1100	0.665457	0.665457
538	838	0	0	0	0
539	811	811	537	0.662145	0.662145
540	1628	1628	880	0.540541	0.540541
541	1356	1356	973	0.717552	0.717552
542	1096	648	220	0.20073	0.339506
543	1055	1055	816	0.77346	0.77346
544	1472	988	220	0.149457	0.222672
545	1676	1676	310	0.184964	0.184964
546	743	743	141	0.189771	0.189771
547	944	944	440	0.466102	0.466102
548	924	924	644	0.69697	0.69697
549	1450	1450	724	0.49931	0.49931
550	1350	1350	981	0.726667	0.726667
551	768	0	0	0	0
552	503	503	211	0.419483	0.419483
553	1123	1123	220	0.195904	0.195904
554	1223	1223	1384	1.13164	1.13164
555	1644	1644	1784	1.08516	1.08516
556	872	872	220	0.252294	0.252294
557	581	581	752	1.29432	1.29432
558	1375	945	360	0.261818	0.380952
559	1656	1656	736	0.444444	0.444444
560	759	759	531	0.699605	0.699605
561	1660	697	220	0.13253	0.315638
562	1137	1137	220	0.193492	0.193492
563	1451	993	660	0.454859	0.664653
564	1377	1377	440	0.319535	0.319535
565	1059	789	220	0.207743	0.278834
566	1259	1259	910	0.722796	0.722796
567	883	883	3850	4.36014	4.36014
568	949	949	695	0.73235	0.73235
569	950	0	0	0	0
570	1287	140	0	0	0
571	1049	1049	660	0.629171	0.629171
572	1246	1246	220	0.176565	0.176565
573	902	866	220	0.243902	0.254042
574	1154	1154	640	0.554593	0.554593
575	1049	1049	0	0	0
576	1331	1331	440	0.330579	0.330579
577	1003	1003	69	0.0687936	0.0687936
578	1384	615	220	0.15896	0.357724
579	1359	1359	1299	0.95585	0.95585
580	1160	1160	874	0.753448	0.753448
581	1614	614	0	0	0
582	958	958	292	0.304802	0.304802
583	1727	1727	440	0.254777	0.254777
584	1141	1141	425	0.37248	0.37248
585	1243	1243	440	0.353982	0.353982
586	748	236	216	0.28877	0.915254
587	1859	1859	478	0.257127	0.257127
588	1250	509	440	0.352	0.86444
589	1657	1657	662	0.399517	0.399517
590	1762	1644	660	0.374574	0.40146
591	1148	389	0	0	0
592	1086	1086	549	0.505525	0.505525
593	798	798	660	0.827068	0.827068
594	784	784	0	0	0
595	964	964	1075	1.11515	1.11515
596	1207	1207	186	0.154101	0.154101
597	809	809	256	0.31644	0.31644
598	1014	1014	642	0.633136	0.633136
599	992	543	220	0.221774	0.405157
600	929	324	220	0.236814	0.679012
601	1233	1233	440	0.356853	0.356853
602	1247	1247	527	0.422614	0.422614
603	1279	87	0	0	0
604	1074	1074	1109	1.03259	1.03259
605	1153	1153	491	0.425846	0.425846
606	1273	1273	1765	1.38649	1.38649
607	1117	1117	220	0.196956	0.196956
608	1041	1041	1095	1.05187	1.05187
609	1242	932	440	0.354267	0.472103
610	1141	693	440	0.385627	0.634921
611	1106	1106	16	0.0144665	0.0144665
612	1718	1718	440	0.256112	0.256112
613	1101	1101	244	0.221617	0.221617
614	1118	1118	220	0.19678	0.19678
615	1015	1015	375	0.369458	0.369458
616	1382	1382	582	0.421129	0.421129
617	847	847	188	0.22196	0.22196
618	918	753	660	0.718954	0.876494
619	1254	265	70	0.0558214	0.264151
620	1213	332	0	0	0
621	1540	1241	220	0.142857	0.177276
622	1321	1321	1241	0.93944	0.93944
623	1313	1313	790	0.601676	0.601676
624	1065	0	0	0	0
625	875	875	235	0.268571	0.268571
626	1017	1017	660	0.648968	0.648968
627	973	360	220	0.226105	0.611111
628	1350	1350	220	0.162963	0.162963
629	677	677	265	0.391433	0.391433
630	1299	1299	440	0.338722	0.338722
631	821	821	366	0.445798	0.445798
632	971	971	220	0.226571	0.226571
633	652	652	184	0.282209	0.282209
634	1191	1191	880	0.738875	0.738875
635	665	665	540	0.81203	0.81203
636	1065	1065	440	0.413146	0.413146
637	1187	588	108	0.0909857	0.183673
638	1229	878	0	0	0
639	742	742	220	0.296496	0.296496
640	1137	1137	1289	1.13369	1.13369
641	1330	597	200	0.150376	0.335008
642	1040	793	220	0.211538	0.277427
643	1221	1221	323	0.264537	0.264537
644	1332	1332	402	0.301802	0.301802
645	1630	0	0	0	0
646	769	769	200	0.260078	0.260078
647	943	943	22	0.0233298	0.0233298
648	1183	183	0	0	0
649	1461	461	129	0.0882957	0.279826
650	1285	0	0	0	0
651	799	0	0	0	0
652	932	445	0	0	0
653	1143	1107	327	0.286089	0.295393
654	857	857	132	0.154026	0.154026
655	1077	1077	684	0.635097	0.635097
656	1065	0	0	0	0
657	1174	0	0	0	0
658	1329	927	220	0.165538	0.237325
659	907	907	365	0.402426	0.402426
660	901	901	379	0.420644	0.420644
661	903	903	220	0.243632	0.243632
662	1370	703	103	0.0751825	0.146515
663	1058	575	440	0.415879	0.765217
664	974	636	16	0.0164271	0.0251572
665	1272	1272	534	0.419811	0.419811
666	1075	1075	535	0.497674	0.497674
667	1160	1160	606	0.522414	0.522414
668	1270	602	62	0.0488189	0.10299
669	1096	1096	97	0.0885036	0.0885036
670	786	786	1010	1.28499	1.28499
671	1524	1524	546	0.358268	0.358268
672	1138	493	73	0.0641476	0.148073
673	1022	1022	921	0.901174	0.901174
674	1088	1088	102	0.09375	0.09375
675	856	856	440	0.514019	0.514019
676	1237	1237	1079	0.872272	0.872272
677	1067	1067	4938	4.62793	4.62793
678	729	729	220	0.301783	0.301783
679	1284	1284	440	0.342679	0.342679
680	2141	2141	1100	0.513779	0.513779
681	1179	1179	440	0.373198	0.373198
682	1084	590	440	0.405904	0.745763
683	1231	1231	660	0.536149	0.536149
684	1877	943	660	0.351625	0.699894
685	1421	830	220	0.154821	0.26506
686	1041	1041	0	0	0
687	976	976	161	0.164959	0.164959
688	1185	1185	0	0	0
689	1589	1148	200	0.125865	0.174216
690	914	0	0	0	0
691	1234	1234	964	0.781199	0.781199
692	1050	358	0	0	0
693	857	857	106	0.123687	0.123687
694	1576	1576	1287	0.816624	0.816624
695	688	688	220	0.319767	0.319767
696	1696	1696	447	0.263561	0.263561
697	1512	1512	694	0.458995	0.458995
698	1192	965	5	0.00419463	0.00518135
699	1107	1107	220	0.198735	0.198735
700	1195	1195	858	0.717992	0.717992
701	810	654	220	0.271605	0.336391
702	1545	1545	396	0.256311	0.256311
703	1006	1006	692	0.687873	0.687873
704	634	634	220	0.347003	0.347003
705	1399	1399	1100	0.786276	0.786276
706	1301	576	0	0	0
707	902	766	220	0.243902	0.287206
708	1113	373	53	0.047619	0.142091
709	1134	1134	624	0.550265	0.550265
710	1661	1661	908	0.546659	0.546659
711	1101	1101	401	0.364214	0.364214
712	1117	1117	232	0.207699	0.207699
713	1685	749	69	0.0409496	0.0921228
714	1331	1331	531	0.398948	0.398948
715	1610	1282	802	0.498137	0.625585
716	904	904	440	0.486726	0.486726
717	670	670	50	0.0746269	0.0746269
718	930	930	729	0.783871	0.783871
719	1279	1279	637	0.498045	0.498045
720	928	928	242	0.260776	0.260776
721	1500	1500	287	0.191333	0.191333
722	1283	1283	880	0.685892	0.685892
723	776	776	220	0.283505	0.283505
724	686	686	219	0.319242	0.319242
725	895	895	784	0.875978	0.875978
726	1297	1297	277	0.21357	0.21357
727	975	131	0	0	0
728	1313	0	0	0	0
729	886	886	226	0.255079	0.255079
730	1119	1119	76	0.0679178	0.0679178
731	1091	1091	195	0.178735	0.178735
732	1197	1197	329	0.274854	0.274854
733	1274	1274	782	0.613815	0.613815
734	803	586	220	0.273973	0.375427
735	785	28	28	0.0356688	1
736	973	973	660	0.678314	0.678314
737	1226	1201	841	0.685971	0.70025
738	841	841	211	0.250892	0.250892
739	941	941	220	0.233794	0.233794
740	1028	1028	328	0.319066	0.319066
741	1283	1283	440	0.342946	0.342946
742	1740	1740	872	0.501149	0.501149
743	870	870	688	0.790805	0.790805
744	849	849	220	0.259128	0.259128
745	1143	0	0	0	0
746	1591	1591	1028	0.646135	0.646135
747	1401	1401	440	0.314061	0.314061
748	1071	1071	248	0.231559	0.231559
749	2019	1769	440	0.21793	0.248728
750	1122	1122	440	0.392157	0.392157
751	1041	1041	1621	1.55716	1.55716
752	993	993	57	0.0574018	0.0574018
753	1098	1098	640	0.582878	0.582878
754	947	947	220	0.232313	0.232313
755	715	715	373	0.521678	0.521678
756	615	615	0	0	0
757	1400	1400	391	0.279286	0.279286
758	981	480	180	0.183486	0.375
759	983	757	197	0.200407	0.260238
760	673	673	128	0.190193	0.190193
761	824	536	0	0	0
762	1240	1240	547	0.441129	0.441129
763	1006	1006	486	0.483101	0.483101
764	1043	1043	440	0.42186	0.42186
765	949	748	220	0.231823	0.294118
766	1158	0	0	0	0
767	1288	0	0	0	0
768	955	955	1283	1.34346	1.34346
769	970	529	220	0.226804	0.415879
770	840	840	380	0.452381	0.452381
771	1436	1436	220	0.153203	0.153203
772	1697	0	0	0	0
773	1750	1750	880	0.502857	0.502857
774	1600	1600	1080	0.675	0.675
775	818	818	184	0.224939	0.224939
776	1016	1016	220	0.216535	0.216535
777	1283	1199	819	0.638348	0.683069
778	1280	999	220	0.171875	0.22022
779	1707	955	285	0.16696	0.298429
780	1906	0	0	0	0
781	951	432	172	0.180862	0.398148
782	1400	1400	660	0.471429	0.471429
783	1132	1132	220	0.194346	0.194346
784	1612	1612	220	0.136476	0.136476
785	2442	2442	1622	0.66421	0.66421
786	1323	1323	645	0.487528	0.487528
787	1670	1167	880	0.526946	0.75407
788	1466	1466	1932	1.31787	1.31787
789	1559	1559	660	0.423348	0.423348
790	1832	1832	412	0.224891	0.224891
791	888	888	220	0.247748	0.247748
792	2258	2258	2077	0.919841	0.919841
793	1718	1718	420	0.24447	0.24447
794	1707	1707	322	0.188635	0.188635
795	2291	2291	3020	1.3182	1.3182
796	1208	1208	440	0.364238	0.364238
797	1613	915	220	0.136392	0.240437
798	1604	1560	320	0.199501	0.205128
799	1818	1292	1100	0.605061	0.851393
800	1277	1277	220	0.172279	0.172279
801	1909	1168	188	0.0984809	0.160959
802	1409	1000	220	0.156139	0.22
803	774	774	220	0.284238	0.284238
804	518	518	220	0.42471	0.42471
805	1052	1052	212	0.201521	0.201521
806	975	975	776	0.795897	0.795897
807	1608	1608	440	0.273632	0.273632
808	1382	1382	722	0.522431	0.522431
809	998	998	339	0.339679	0.339679
810	774	774	66	0.0852713	0.0852713
811	930	930	216	0.232258	0.232258
812	986	986	293	0.29716	0.29716
813	1449	963	440	0.303658	0.456906
814	1337	1337	440	0.329095	0.329095
815	1425	1425	477	0.334737	0.334737
816	868	868	11	0.0126728	0.0126728
817	765	765	354	0.462745	0.462745
818	577	577	0	0	0
819	1012	643	220	0.217391	0.342146
820	1309	1281	440	0.336134	0.343482
821	711	711	291	0.409283	0.409283
822	2093	1544	660	0.315337	0.427461
823	1632	895	0	0	0
824	2570	2570	1100	0.428016	0.428016
825	2367	2289	440	0.185889	0.192224
826	1669	1669	1092	0.654284	0.654284
827	1827	1827	866	0.474001	0.474001
828	1171	1171	220	0.187874	0.187874
829	1416	1416	440	0.310734	0.310734
830	1665	1665	1055	0.633634	0.633634
831	1694	1694	1625	0.959268	0.959268
832	2860	1088	220	0.0769231	0.202206
833	1177	1177	440	0.373832	0.373832
834	2276	2276	1052	0.462214	0.462214
835	1419	1419	506	0.356589	0.356589
836	1872	838	298	0.159188	0.355609
837	1006	1006	1100	1.09344	1.09344
838	1405	1405	440	0.313167	0.313167
839	1272	1272	460	0.361635	0.361635
840	1919	893	220	0.114643	0.246361
841	2214	2214	880	0.397471	0.397471
842	1470	1470	314	0.213605	0.213605
843	1236	1236	440	0.355987	0.355987
844	1140	1140	560	0.491228	0.491228
845	1404	1404	287	0.204416	0.204416
846	1866	1866	880	0.471597	0.471597
847	1634	1634	440	0.269278	0.269278
848	1467	0	0	0	0
849	1488	1488	220	0.147849	0.147849
850	1461	1269	440	0.301164	0.34673
851	1473	0	0	0	0
852	1753	1753	1716	0.978893	0.978893
853	1279	1279	1100	0.860047	0.860047
854	1975	1975	1279	0.647595	0.647595
855	1912	912	512	0.267782	0.561404
856	1246	1246	440	0.35313	0.35313
857	1493	970	440	0.294709	0.453608
858	2030	154	74	0.0364532	0.480519
859	1395	1395	155	0.111111	0.111111
860	1141	1141	220	0.192813	0.192813
861	1442	1442	457	0.316921	0.316921
862	1312	916	36	0.027439	0.0393013
863	1240	1240	440	0.354839	0.354839
864	1424	1424	440	0.308989	0.308989
865	1711	1711	994	0.580947	0.580947
866	1492	1492	618	0.414209	0.414209
867	1434	1434	612	0.426778	0.426778
868	1434	1434	1518	1.05858	1.05858
869	1889	1889	2821	1.49338	1.49338
870	1447	1447	660	0.456116	0.456116
871	986	986	230	0.233266	0.233266
872	1356	0	0	0	0
873	1605	1605	1199	0.74704	0.74704
874	758	758	952	1.25594	1.25594
875	1635	635	218	0.133333	0.343307
876	1815	1204	1100	0.606061	0.913621
877	1552	1552	709	0.45683	0.45683
878	2169	2169	660	0.304288	0.304288
879	1318	1318	640	0.485584	0.485584
880	1378	0	0	0	0
881	1805	1805	640	0.354571	0.354571
882	1361	1361	972	0.714181	0.714181
883	1957	1957	678	0.346449	0.346449
884	1602	1602	660	0.411985	0.411985
885	1847	1026	220	0.119112	0.214425
886	1438	1438	1320	0.917942	0.917942
887	1525	1525	256	0.167869	0.167869
888	1344	1344	1280	0.952381	0.952381
889	1176	1176	846	0.719388	0.719388
890	1343	467	220	0.163812	0.471092
891	1631	722	220	0.134887	0.304709
892	1564	1564	1045	0.668159	0.668159
893	2109	2109	712	0.337601	0.337601
894	1301	1301	294	0.22598	0.22598
895	786	786	220	0.279898	0.279898
896	1190	1190	220	0.184874	0.184874
897	1406	1406	497	0.353485	0.353485
898	1310	891	420	0.320611	0.47138
899	1302	302	0	0	0
900	1557	557	200	0.128452	0.359066
901	1639	1639	660	0.402685	0.402685
902	1274	274	0	0	0
903	1468	1468	896	0.610354	0.610354
904	2067	2067	1847	0.893566	0.893566
905	1535	1535	317	0.206515	0.206515
906	2776	2776	1136	0.409222	0.409222
907	1307	346	0	0	0
908	940	940	482	0.512766	0.512766
909	2982	982	764	0.256204	0.778004
910	1514	1514	880	0.581242	0.581242
911	1276	1276	420	0.329154	0.329154
912	1598	1598	1123	0.702753	0.702753
913	1408	408	813	0.577415	1.99265
914	1377	1377	964	0.700073	0.700073
915	1356	1356	660	0.486726	0.486726
916	1303	1303	220	0.168841	0.168841
917	878	271	151	0.171982	0.557196
918	1342	1342	842	0.627422	0.627422
919	1758	903	220	0.125142	0.243632
920	2058	1621	440	0.2138	0.271437
921	1504	1504	1006	0.668883	0.668883
922	1123	1123	220	0.195904	0.195904
923	2672	2672	1540	0.576347	0.576347
924	2026	1489	220	0.108588	0.14775
925	2016	2016	440	0.218254	0.218254
926	2482	2482	1320	0.531829	0.531829
927	1969	1969	880	0.446927	0.446927
928	1270	1270	1100	0.866142	0.866142
929	1111	982	220	0.19802	0.224033
930	1682	1682	418	0.248514	0.248514
931	877	877	793	0.904219	0.904219
932	1201	1137	220	0.183181	0.193492
933	1467	888	208	0.141786	0.234234
934	1430	905	200	0.13986	0.220994
935	1497	1497	1100	0.734803	0.734803
936	1491	672	432	0.289738	0.642857
937	1248	1248	878	0.703526	0.703526
938	1162	1162	954	0.820998	0.820998
939	1408	137	97	0.068892	0.708029
940	1335	1335	724	0.542322	0.542322
941	1831	1350	440	0.240306	0.325926
942	1358	1358	2090	1.53903	1.53903
943	1054	1054	660	0.626186	0.626186
944	2567	2567	2200	0.857032	0.857032
945	1016	1016	574	0.564961	0.564961
946	1397	1397	1309	0.937008	0.937008
947	999	999	880	0.880881	0.880881
948	1382	1382	220	0.15919	0.15919
949	1664	1664	404	0.242788	0.242788
950	1363	1363	777	0.570066	0.570066
951	1120	120	0	0	0
952	1239	1239	775	0.625504	0.625504
953	1995	0	0	0	0
954	1863	863	682	0.366076	0.790267
955	1408	1000	440	0.3125	0.44
956	1261	610	220	0.174465	0.360656
957	1311	810	220	0.167811	0.271605
958	1982	1982	1540	0.776993	0.776993
959	1295	1295	475	0.366795	0.366795
960	825	649	220	0.266667	0.338983
961	1351	1351	416	0.30792	0.30792
962	1330	1330	660	0.496241	0.496241
963	1196	1196	220	0.183946	0.183946
964	1417	737	0	0	0
965	1129	1129	440	0.389725	0.389725
966	1736	1736	396	0.228111	0.228111
967	1286	712	420	0.326594	0.589888
968	1045	0	0	0	0
969	1875	1875	381	0.2032	0.2032
970	1189	1189	220	0.185029	0.185029
971	2608	1608	440	0.168712	0.273632
972	1448	971	640	0.441989	0.659114
973	1952	1445	880	0.45082	0.608997
974	1099	1099	334	0.303913	0.303913
975	1797	1797	4688	2.60879	2.60879
976	1271	1271	720	0.566483	0.566483
977	1263	1263	2423	1.91845	1.91845
978	1804	1804	440	0.243902	0.243902
979	1316	1316	220	0.167173	0.167173
980	1372	1129	880	0.641399	0.779451
981	1937	1937	880	0.454311	0.454311
982	1137	303	0	0	0
983	1832	1832	1244	0.679039	0.679039
984	1159	0	0	0	0
985	1231	1231	999	0.811535	0.811535
986	1209	1209	1289	1.06617	1.06617
987	1887	1887	420	0.222576	0.222576
988	1334	792	812	0.608696	1.02525
989	1649	1649	1009	0.611886	0.611886
990	933	933	253	0.271168	0.271168
991	2437	2437	1100	0.451375	0.451375
992	2753	2753	543	0.197239	0.197239
993	1677	1677	1297	0.773405	0.773405
994	1285	285	0	0	0
995	1331	1331	656	0.492863	0.492863
996	1468	961	0	0	0
997	1263	494	220	0.174188	0.445344
998	1967	967	440	0.223691	0.455016
999	1343	1343	1590	1.18392	1.18392
1000	1340	0	0	0	0
1001	1164	869	220	0.189003	0.253165
1002	2860	2174	694	0.242657	0.319227
1003	2014	2014	1370	0.680238	0.680238
1004	810	225	165	0.203704	0.733333
1005	1329	1329	1021	0.768247	0.768247
1006	2507	2507	1100	0.438771	0.438771
1007	1402	402	256	0.182596	0.636816
1008	1287	1287	653	0.507382	0.507382
1009	1774	1000	440	0.248027	0.44
1010	2056	1056	0	0	0
1011	1800	1800	1120	0.622222	0.622222
1012	1356	513	220	0.162242	0.42885
1013	1452	1452	632	0.435262	0.435262
1014	1313	1313	213	0.162224	0.162224
1015	2351	2351	1080	0.459379	0.459379
1016	846	846	446	0.527187	0.527187
1017	1851	851	602	0.32523	0.707403
1018	1250	1250	576	0.4608	0.4608
1019	996	996	220	0.220884	0.220884
1020	1328	1328	200	0.150602	0.150602
1021	1174	1174	329	0.280239	0.280239
1022	1289	1289	989	0.767261	0.767261
1023	1358	0	0	0	0
1024	1333	1333	660	0.495124	0.495124
1025	1209	1209	649	0.536807	0.536807
1026	1287	1287	1593	1.23776	1.23776
1027	665	665	383	0.57594	0.57594
1028	1385	1385	220	0.158845	0.158845
1029	1106	1106	576	0.520796	0.520796
1030	1221	1221	440	0.36036	0.36036
1031	2465	1465	220	0.0892495	0.150171
1032	1412	1000	220	0.155807	0.22
1033	2671	1671	440	0.164732	0.263315
1034	1309	380	100	0.0763942	0.263158
1035	1286	1286	660	0.513219	0.513219
1036	1194	514	214	0.179229	0.416342
1037	1333	1333	1882	1.41185	1.41185
1038	1229	1229	472	0.384052	0.384052
1039	2159	1181	601	0.27837	0.508891
1040	1470	1470	1929	1.31224	1.31224
1041	1392	1392	1041	0.747845	0.747845
1042	1229	1229	420	0.341741	0.341741
1043	1299	1299	220	0.169361	0.169361
1044	2164	2164	1161	0.536506	0.536506
1045	2573	2573	1185	0.460552	0.460552
1046	1313	1313	814	0.619954	0.619954
1047	1507	639	220	0.145985	0.344288
1048	1729	1729	860	0.497397	0.497397
1049	1415	904	220	0.155477	0.243363
1050	1072	972	220	0.205224	0.226337
1051	1447	1447	562	0.38839	0.38839
1052	1489	959	220	0.14775	0.229406
1053	1459	1459	660	0.452365	0.452365
1054	2372	1671	1100	0.463744	0.658288
1055	1151	1151	420	0.3649	0.3649
1056	1027	1027	440	0.428432	0.428432
1057	1147	1147	220	0.191805	0.191805
1058	1760	1760	704	0.4	0.4
1059	956	956	515	0.538703	0.538703
1060	1285	1199	220	0.171206	0.183486
1061	1110	1110	220	0.198198	0.198198
1062	1089	1089	1207	1.10836	1.10836
1063	1401	943	983	0.701642	1.04242
1064	1345	173	0	0	0
1065	535	535	868	1.62243	1.62243
1066	1452	1452	440	0.30303	0.30303
1067	2024	1024	220	0.108696	0.214844
1068	949	949	393	0.41412	0.41412
1069	1126	1126	882	0.783304	0.783304
1070	1517	1517	660	0.435069	0.435069
1071	1111	1101	420	0.378038	0.381471
1072	1701	728	308	0.18107	0.423077
1073	640	640	220	0.34375	0.34375
1074	954	98	0	0	0
1075	1047	1047	440	0.420248	0.420248
1076	1077	1077	0	0	0
1077	800	800	200	0.25	0.25
1078	1135	1135	440	0.387665	0.387665
1079	1021	1021	289	0.283056	0.283056
1080	1773	970	70	0.0394811	0.0721649
1081	1551	1450	880	0.567376	0.606897
1082	894	894	220	0.246085	0.246085
1083	2258	1000	220	0.0974314	0.22
1084	2613	2613	1425	0.54535	0.54535
1085	1703	1567	200	0.11744	0.127632
1086	1314	0	0	0	0
1087	1809	809	446	0.246545	0.551298
1088	1660	1660	1100	0.662651	0.662651
1089	1066	1066	418	0.39212	0.39212
1090	1546	546	265	0.17141	0.485348
1091	1172	1172	660	0.56314	0.56314
1092	1405	1405	827	0.588612	0.588612
1093	2103	2103	1100	0.523062	0.523062
1094	1126	1126	80	0.071048	0.071048
1095	1256	1256	1055	0.839968	0.839968
1096	652	652	281	0.430982	0.430982
1097	1240	1240	220	0.177419	0.177419
1098	2275	2275	7898	3.47165	3.47165
1099	3233	3233	2302	0.712032	0.712032
1100	2768	37	0	0	0
1101	4012	4012	1687	0.420489	0.420489
1102	2776	2648	660	0.237752	0.249245
1103	1640	802	660	0.402439	0.822943
1104	2385	2385	1985	0.832285	0.832285
1105	3160	3160	2414	0.763924	0.763924
1106	2395	2395	990	0.413361	0.413361
1107	1769	1769	860	0.48615	0.48615
1108	2339	2339	840	0.359128	0.359128
1109	1764	1764	811	0.459751	0.459751
1110	3214	2546	1720	0.535159	0.67557
1111	1651	1651	640	0.387644	0.387644
1112	2282	1282	440	0.192813	0.343214
1113	2638	1993	880	0.333586	0.441545
1114	2280	1280	654	0.286842	0.510938
1115	2240	1240	440	0.196429	0.354839
1116	2039	1039	220	0.107896	0.211742
1117	2180	2180	782	0.358716	0.358716
1118	3022	3022	714	0.236267	0.236267
1119	2379	2379	919	0.386297	0.386297
1120	2422	636	220	0.090834	0.345912
1121	3923	3923	3820	0.973745	0.973745
1122	1450	1450	2730	1.88276	1.88276
1123	993	860	440	0.443102	0.511628
1124	2148	2148	2640	1.22905	1.22905
1125	2092	1092	492	0.235182	0.450549
1126	2353	2226	440	0.186995	0.197664
1127	3058	2086	440	0.143885	0.21093
1128	2479	2479	440	0.177491	0.177491
1129	2813	1813	2513	0.893352	1.3861
1130	2049	2049	1816	0.886286	0.886286
1131	1252	1252	332	0.265176	0.265176
1132	1405	1405	596	0.424199	0.424199
1133	3424	1000	220	0.0642523	0.22
1134	2386	2386	1089	0.456412	0.456412
1135	1661	1661	1320	0.794702	0.794702
1136	3113	3113	640	0.205589	0.205589
1137	3107	2107	1320	0.424847	0.626483
1138	3609	3609	1520	0.421169	0.421169
1139	1531	1531	220	0.143697	0.143697
1140	2354	1354	402	0.170773	0.296898
1141	2174	1988	948	0.436063	0.476861
1142	2405	405	210	0.0873181	0.518519
1143	3100	3100	1080	0.348387	0.348387
1144	2755	2755	5590	2.02904	2.02904
1145	2414	2414	880	0.36454	0.36454
1146	2862	2862	1597	0.558001	0.558001
1147	3678	3678	2911	0.791463	0.791463
1148	1772	1637	660	0.37246	0.403177
1149	1911	1911	682	0.356881	0.356881
1150	1394	1394	470	0.337159	0.337159
1151	977	977	1335	1.36643	1.36643
1152	1571	1571	810	0.515595	0.515595
1153	2793	2793	1390	0.497673	0.497673
1154	2057	2057	1410	0.685464	0.685464
1155	2858	2858	1980	0.692792	0.692792
1156	4020	4020	1093	0.271891	0.271891
1157	2281	2281	440	0.192898	0.192898
1158	2025	1695	440	0.217284	0.259587
1159	1879	776	220	0.117084	0.283505
1160	1461	1461	1080	0.73922	0.73922
1161	2107	1107	0	0	0
1162	1926	1511	660	0.342679	0.436797
1163	2653	2653	2508	0.945345	0.945345
1164	2598	2126	1046	0.402617	0.492004
1165	1958	1958	732	0.373851	0.373851
1166	2158	1947	1854	0.859129	0.952234
1167	2182	14	0	0	0
1168	4279	2504	1244	0.290722	0.496805
1169	2860	2860	2294	0.802098	0.802098
1170	1217	1217	860	0.706656	0.706656
1171	2226	2226	1540	0.691824	0.691824
1172	1586	1586	1474	0.929382	0.929382
1173	2959	2428	440	0.148699	0.181219
1174	2709	1709	1320	0.487265	0.772382
1175	3219	3219	1279	0.397328	0.397328
1176	2539	2539	440	0.173297	0.173297
1177	1760	1437	1100	0.625	0.765484
1178	2168	1216	640	0.295203	0.526316
1179	2447	2447	660	0.269718	0.269718
1180	1387	1387	1354	0.976208	0.976208
1181	1585	585	246	0.155205	0.420513
1182	1182	832	440	0.37225	0.528846
1183	912	912	220	0.241228	0.241228
1184	972	658	440	0.452675	0.668693
1185	1762	953	353	0.200341	0.370409
1186	1769	1000	220	0.124364	0.22
1187	2200	1782	440	0.2	0.246914
1188	1467	1467	1774	1.20927	1.20927
1189	2014	1014	244	0.121152	0.240631
1190	1284	1284	440	0.342679	0.342679
1191	2177	1810	660	0.303169	0.364641
1192	1929	1929	755	0.391395	0.391395
1193	2868	2868	1740	0.606695	0.606695
1194	1584	1584	1320	0.833333	0.833333
1195	2801	1801	198	0.070689	0.109939
1196	4611	3611	1104	0.239427	0.305732
1197	2396	2396	1264	0.527546	0.527546
1198	2582	2582	4441	1.71998	1.71998
1199	1085	1085	0	0	0
1200	1647	802	582	0.35337	0.725686
1201	2014	2014	434	0.215492	0.215492
1202	2382	2382	1100	0.461797	0.461797
1203	2647	2647	708	0.267473	0.267473
1204	2683	2604	1124	0.418934	0.431644
1205	2205	1205	518	0.234921	0.429876
1206	3632	3632	2832	0.779736	0.779736
1207	1464	1464	2924	1.99727	1.99727
1208	4695	3695	1705	0.363152	0.461434
1209	3026	3026	1192	0.393919	0.393919
1210	1274	1274	2388	1.87441	1.87441
1211	2475	2475	1541	0.622626	0.622626
1212	1973	655	220	0.111505	0.335878
1213	1720	1019	619	0.359884	0.607458
1214	2652	2652	1540	0.580694	0.580694
1215	1623	1623	1765	1.08749	1.08749
1216	3806	3806	1000	0.262743	0.262743
1217	3253	3253	1334	0.410083	0.410083
1218	2811	1829	440	0.156528	0.240569
1219	3248	3248	1628	0.501232	0.501232
1220	2173	1173	220	0.101243	0.187553
1221	3541	3541	1300	0.367128	0.367128
1222	3056	3056	2815	0.921139	0.921139
1223	1299	1299	288	0.221709	0.221709
1224	2888	2000	220	0.0761773	0.11
1225	2220	2220	880	0.396396	0.396396
1226	2384	2384	880	0.369128	0.369128
1227	1717	1457	660	0.384391	0.452986
1228	2545	2401	880	0.345776	0.366514
1229	2758	1758	777	0.281726	0.44198
1230	2775	2775	2086	0.751712	0.751712
1231	1024	683	220	0.214844	0.322108
1232	2879	2879	2307	0.80132	0.80132
1233	1590	590	0	0	0
1234	2574	2574	1390	0.540016	0.540016
1235	1485	1485	440	0.296296	0.296296
1236	1823	1823	1111	0.609435	0.609435
1237	2699	2540	1060	0.392738	0.417323
1238	1767	767	555	0.314092	0.723598
1239	3067	3067	1960	0.639061	0.639061
1240	3780	3780	2200	0.582011	0.582011
1241	2300	2300	2180	0.947826	0.947826
1242	1622	711	0	0	0
1243	1638	1638	769	0.469475	0.469475
1244	2341	2341	1100	0.469885	0.469885
1245	1936	1936	796	0.411157	0.411157
1246	3193	2193	1493	0.467585	0.680803
1247	3407	2407	382	0.112122	0.158704
1248	2812	2812	1018	0.36202	0.36202
1249	2626	1626	972	0.370145	0.597786
1250	2447	1447	220	0.089906	0.152039
1251	1520	1520	559	0.367763	0.367763
1252	2006	2006	1254	0.625125	0.625125
1253	4081	2344	2164	0.530262	0.923208
1254	1989	1989	3489	1.75415	1.75415
1255	3432	3432	1540	0.448718	0.448718
1256	2328	328	0	0	0
1257	2858	2858	1055	0.369139	0.369139
1258	1947	1947	6940	3.56446	3.56446
1259	1679	1679	1384	0.8243	0.8243
1260	1671	671	25	0.0149611	0.0372578
1261	1888	1448	220	0.116525	0.151934
1262	2973	2891	1320	0.443996	0.456589
1263	1767	767	827	0.468025	1.07823
1264	3004	3004	1506	0.501332	0.501332
1265	3220	2115	880	0.273292	0.416076
1266	2246	2246	660	0.293856	0.293856
1267	2089	2089	793	0.379607	0.379607
1268	2806	2806	1540	0.548824	0.548824
1269	2618	2618	1350	0.515661	0.515661
1270	3716	2716	440	0.118407	0.162003
1271	3409	1067	434	0.12731	0.406748
1272	2197	2197	1540	0.700956	0.700956
1273	2332	1488	220	0.0943396	0.147849
1274	3224	3224	1721	0.533809	0.533809
1275	3468	3468	1766	0.509227	0.509227
1276	3065	3065	1309	0.42708	0.42708
1277	3688	3688	880	0.238612	0.238612
1278	3230	2512	660	0.204334	0.262739
1279	3956	3956	1926	0.486855	0.486855
1280	1366	1366	440	0.322108	0.322108
1281	3198	1838	440	0.137586	0.239391
1282	2455	1455	295	0.120163	0.202749
1283	3686	1686	660	0.179056	0.391459
1284	1904	1904	880	0.462185	0.462185
1285	2258	679	0	0	0
1286	2097	2097	2200	1.04912	1.04912
1287	2746	2746	880	0.320466	0.320466
1288	2693	2033	1493	0.5544	0.734383
1289	2110	2110	1232	0.583886	0.583886
1290	2492	1000	440	0.176565	0.44
1291	2308	2308	440	0.190641	0.190641
1292	3241	3241	1520	0.468991	0.468991
1293	1362	1161	440	0.323054	0.378984
1294	2552	2552	788	0.308777	0.308777
1295	1948	1310	730	0.374743	0.557252
1296	3178	2824	1104	0.347388	0.390935
1297	1923	1923	1100	0.572023	0.572023
1298	1385	1385	805	0.581227	0.581227
1299	2263	2263	1980	0.874945	0.874945
1300	3986	3986	1866	0.468138	0.468138
1301	1974	1974	1173	0.594225	0.594225
1302	3157	2157	880	0.278746	0.407974
1303	4395	4395	1320	0.300341	0.300341
1304	2102	825	220	0.104662	0.266667
1305	3040	3040	1100	0.361842	0.361842
1306	1555	1555	1100	0.707395	0.707395
1307	2610	2610	855	0.327586	0.327586
1308	2192	2192	683	0.311588	0.311588
1309	3195	1000	220	0.0688576	0.22
1310	2590	2590	8728	3.36988	3.36988
1311	2416	2416	858	0.355132	0.355132
1312	3179	2179	1104	0.347279	0.506654
1313	2318	1160	440	0.189819	0.37931
1314	3655	2655	556	0.15212	0.209416
1315	2190	840	220	0.100457	0.261905
1316	3786	1304	608	0.160592	0.466258
1317	3026	2454	1934	0.639128	0.788101
1318	1540	1540	860	0.558442	0.558442
1319	3616	3616	3032	0.838496	0.838496
1320	1906	1906	1968	1.03253	1.03253
1321	2099	2099	1100	0.524059	0.524059
1322	1860	1860	798	0.429032	0.429032
1323	2019	1728	880	0.435859	0.509259
1324	1372	1372	920	0.670554	0.670554
1325	2568	2568	864	0.336449	0.336449
1326	2076	2076	990	0.476879	0.476879
1327	2581	1581	712	0.275862	0.450348
1328	1891	1891	1551	0.820201	0.820201
1329	1816	1816	758	0.417401	0.417401
1330	1744	1744	582	0.333716	0.333716
1331	2698	2698	981	0.363603	0.363603
1332	2579	1579	516	0.200078	0.326789
1333	4149	3421	1320	0.318149	0.385852
1334	2252	2252	641	0.284636	0.284636
1335	3262	3262	1658	0.508277	0.508277
1336	4221	3338	1300	0.307984	0.389455
1337	3238	2572	1540	0.475602	0.598756
1338	2867	2867	1718	0.599233	0.599233
1339	2578	2578	4934	1.91389	1.91389
1340	3373	3373	1520	0.450637	0.450637
1341	2808	1633	1053	0.375	0.644825
1342	2826	2826	860	0.304317	0.304317
1343	1707	1707	1273	0.745753	0.745753
1344	2979	2979	1663	0.558241	0.558241
1345	3560	2560	782	0.219663	0.305469
1346	2585	1585	506	0.195745	0.319243
1347	3946	3946	2978	0.754688	0.754688
1348	2331	1896	880	0.37752	0.464135
1349	4626	4626	5404	1.16818	1.16818
1350	2712	1712	1810	0.667404	1.05724
1351	2487	1333	1566	0.629674	1.17479
1352	2918	2038	1098	0.376285	0.538763
1353	4185	3185	1100	0.262843	0.345369
1354	4943	4943	2063	0.417358	0.417358
1355	2536	2536	1100	0.433754	0.433754
1356	2841	2841	1100	0.387188	0.387188
1357	745	745	398	0.534228	0.534228
1358	3622	3622	1856	0.512424	0.512424
1359	4993	4993	1300	0.260365	0.260365
1360	2194	2194	835	0.380583	0.380583
1361	3309	2000	640	0.193412	0.32
1362	2896	2069	1100	0.379834	0.531658
1363	2221	1945	1320	0.594327	0.678663
1364	3263	3263	1703	0.521912	0.521912
1365	3254	3101	1320	0.405655	0.425669
1366	3024	3024	1017	0.33631	0.33631
1367	3792	2792	1100	0.290084	0.393983
1368	1698	1698	220	0.129564	0.129564
1369	4044	2950	840	0.207715	0.284746
1370	1899	1899	1949	1.02633	1.02633
1371	4830	4830	1760	0.364389	0.364389
1372	2970	970	702	0.236364	0.723711
1373	4204	4204	3431	0.816127	0.816127
1374	3538	3538	3156	0.892029	0.892029
1375	1650	1650	1080	0.654545	0.654545
1376	1680	627	440	0.261905	0.701754
1377	2977	2977	3425	1.15049	1.15049
1378	3624	2349	1329	0.366722	0.565773
1379	1612	930	220	0.136476	0.236559
1380	1955	1955	495	0.253197	0.253197
1381	2057	2057	3637	1.76811	1.76811
1382	1702	1702	1022	0.60047	0.60047
1383	1757	1757	611	0.347752	0.347752
1384	2257	2257	2747	1.2171	1.2171
1385	1951	1951	1760	0.902101	0.902101
1386	3260	2904	1284	0.393865	0.442149
1387	2014	1014	994	0.493545	0.980276
1388	1627	1627	1013	0.622618	0.622618
1389	2564	2564	3469	1.35296	1.35296
1390	1964	1964	2860	1.45621	1.45621
1391	1930	1930	4602	2.38446	2.38446
1392	2341	2341	1980	0.845792	0.845792
1393	2172	2172	2096	0.965009	0.965009
1394	1533	1533	1013	0.660796	0.660796
1395	3273	2393	1320	0.4033	0.551609
1396	4531	3531	1320	0.291326	0.373832
1397	3986	3986	1963	0.492474	0.492474
1398	2790	2790	763	0.273477	0.273477
1399	4757	4757	1126	0.236704	0.236704
1400	2235	1483	1100	0.49217	0.74174
1401	1426	1426	1726	1.21038	1.21038
1402	4913	4913	3720	0.757175	0.757175
1403	2568	2000	440	0.17134	0.22
1404	3456	3456	1804	0.521991	0.521991
1405	3018	3018	1535	0.508615	0.508615
1406	3105	2105	619	0.199356	0.294062
1407	4980	4980	3148	0.632129	0.632129
1408	1705	0	0	0	0
1409	2787	1787	830	0.297811	0.464466
1410	1212	1212	440	0.363036	0.363036
1411	2771	1771	440	0.158787	0.248447
1412	2587	2587	1540	0.595284	0.595284
1413	2954	2954	4180	1.41503	1.41503
1414	2869	2108	880	0.306727	0.417457
1415	1613	1613	2012	1.24737	1.24737
1416	613	613	624	1.01794	1.01794
1417	2022	1725	660	0.326409	0.382609
1418	1353	1297	440	0.325203	0.339244
1419	2174	1000	440	0.202392	0.44
1420	3227	3227	1540	0.477223	0.477223
1421	4014	4014	1234	0.307424	0.307424
1422	3506	3506	1970	0.561894	0.561894
1423	1535	738	358	0.233225	0.485095
1424	4291	3291	880	0.20508	0.267396
1425	4917	3326	1100	0.223714	0.330728
1426	3504	2504	494	0.140982	0.197284
1427	1588	1588	440	0.277078	0.277078
1428	913	0	0	0	0
1429	1376	1000	220	0.159884	0.22
1430	1483	191	71	0.0478759	0.371728
1431	1158	1158	477	0.411917	0.411917
1432	2106	2106	246	0.116809	0.116809
1433	1831	1831	788	0.430366	0.430366
1434	1966	1966	440	0.223805	0.223805
1435	1178	1178	1234	1.04754	1.04754
1436	1489	1489	1249	0.838818	0.838818
1437	2266	2248	880	0.38835	0.391459
1438	818	679	119	0.145477	0.175258
1439	1496	1496	440	0.294118	0.294118
1440	1709	1709	860	0.503218	0.503218
1441	1173	1173	440	0.375107	0.375107
1442	1710	1234	234	0.136842	0.189627
1443	2258	1258	220	0.0974314	0.174881
1444	911	560	420	0.461032	0.75
1445	1464	464	220	0.150273	0.474138
1446	1897	1897	573	0.302056	0.302056
1447	2105	1586	440	0.209026	0.277427
1448	1760	1000	220	0.125	0.22
1449	1360	1308	440	0.323529	0.336391
1450	3680	3680	3064	0.832609	0.832609
1451	2686	2686	2420	0.900968	0.900968
1452	2798	2798	1643	0.587205	0.587205
1453	3954	3954	1520	0.384421	0.384421
1454	3383	2307	1407	0.415903	0.609883
1455	3042	3042	4380	1.43984	1.43984
1456	2772	2772	5295	1.91017	1.91017
1457	1371	1371	4163	3.03647	3.03647
1458	2736	2736	2242	0.819444	0.819444
1459	3690	3690	3174	0.860163	0.860163
1460	2484	2484	1980	0.797101	0.797101
1461	4783	4783	3632	0.759356	0.759356
1462	2392	2392	1540	0.643813	0.643813
1463	3458	3458	4221	1.22065	1.22065
1464	3726	3726	6002	1.61084	1.61084
1465	3406	3406	11392	3.34469	3.34469
1466	1340	1340	2674	1.99552	1.99552
1467	3167	3167	7687	2.42722	2.42722
1468	1329	277	157	0.118134	0.566787
1469	1847	1847	526	0.284786	0.284786
1470	3388	2388	911	0.26889	0.381491
1471	1750	1214	674	0.385143	0.555189
1472	1858	1858	1678	0.903122	0.903122
1473	3157	2157	542	0.171682	0.251275
1474	2415	1099	220	0.0910973	0.200182
1475	3421	3421	7449	2.17743	2.17743
1476	3946	2946	576	0.145971	0.195519
1477	2934	2934	4620	1.57464	1.57464
1478	3260	3260	1748	0.536196	0.536196
1479	3265	3265	1389	0.425421	0.425421
1480	4543	4135	1720	0.378604	0.415961
1481	1928	1928	1540	0.798755	0.798755
1482	3550	2550	640	0.180282	0.25098
1483	2011	2011	932	0.463451	0.463451
1484	1617	1617	986	0.609771	0.609771
1485	1806	1806	880	0.487265	0.487265
1486	2148	2148	1316	0.612663	0.612663
1487	2553	2553	1320	0.517039	0.517039
1488	1204	1204	1004	0.833887	0.833887
1489	2336	2336	1027	0.43964	0.43964
1490	3836	2378	1760	0.458811	0.740118
1491	1412	1000	220	0.155807	0.22
1492	1448	1448	660	0.455801	0.455801
1493	3273	3273	1957	0.597922	0.597922
1494	2276	2276	1100	0.483304	0.483304
1495	3626	3626	1903	0.524821	0.524821
1496	1691	1691	882	0.521585	0.521585
1497	3498	3498	3848	1.10006	1.10006
1498	2954	2954	3357	1.13643	1.13643
1499	3571	3571	1585	0.443853	0.443853
1500	4637	4637	3060	0.659909	0.659909
1501	2855	2693	2133	0.74711	0.792053
1502	2605	2605	1760	0.675624	0.675624
1503	3993	3993	1704	0.426747	0.426747
1504	1558	1558	958	0.614891	0.614891
1505	378	378	220	0.582011	0.582011
1506	314	314	898	2.85987	2.85987
1507	532	532	784	1.47368	1.47368
1508	728	728	2184	3	3
1509	1151	1151	1971	1.71242	1.71242
1510	982	982	457	0.465377	0.465377
1511	776	776	220	0.283505	0.283505
1512	2019	2019	1639	0.811788	0.811788
1513	3330	3330	1571	0.471772	0.471772
1514	2644	2644	5815	2.19932	2.19932
1515	5005	5005	4372	0.873526	0.873526
1516	3451	3100	2840	0.82295	0.916129
1517	4853	4853	5397	1.1121	1.1121
1518	3474	3474	2562	0.737478	0.737478
1519	4989	4989	6560	1.31489	1.31489
1520	3511	3511	5226	1.48846	1.48846
1521	5035	5035	3262	0.647865	0.647865
1522	3844	3844	3444	0.895942	0.895942
1523	4482	4482	2200	0.490852	0.490852
1524	4516	4516	6045	1.33857	1.33857
1525	2577	2577	1818	0.705471	0.705471
1526	4272	3272	1740	0.407303	0.531785
1527	4677	3677	1715	0.366688	0.466413
1528	3803	2504	1384	0.363923	0.552716
1529	3928	3928	2420	0.61609	0.61609
1530	3162	3162	1436	0.454143	0.454143
1531	5001	5001	4507	0.90122	0.90122
1532	3388	3388	5618	1.65821	1.65821
1533	4349	3000	2620	0.602437	0.873333
1534	4674	4674	8714	1.86436	1.86436
1535	4488	4488	3448	0.768271	0.768271
1536	3394	3394	1540	0.453742	0.453742
1537	3074	3074	2640	0.858816	0.858816
1538	3164	3164	3390	1.07143	1.07143
1539	5015	4021	2081	0.414955	0.517533
1540	4407	4407	1900	0.431132	0.431132
1541	3749	3749	5191	1.38464	1.38464
1542	4188	4188	2308	0.551098	0.551098
1543	3534	3534	3848	1.08885	1.08885
1544	1905	1905	18292	9.6021	9.6021
1545	3234	3234	1803	0.557514	0.557514
1546	3453	3453	3513	1.01738	1.01738
1547	3564	3564	9025	2.53227	2.53227
1548	3422	2422	1062	0.310345	0.438481
1549	4047	4047	2834	0.700272	0.700272
1550	2819	2443	860	0.305073	0.352026
1551	2438	2438	1100	0.451189	0.451189
1552	3081	3001	1121	0.363843	0.373542
1553	3867	3867	1689	0.436773	0.436773
1554	4888	4888	9228	1.88789	1.88789
1555	3657	3657	5734	1.56795	1.56795
1556	4229	4229	1980	0.468196	0.468196
1557	4583	4583	2420	0.528038	0.528038
1558	2676	2676	1984	0.741405	0.741405
1559	4801	4076	3316	0.690689	0.813543
1560	4942	3942	2356	0.47673	0.597666
1561	2158	2158	318	0.147359	0.147359
1562	2197	2197	5886	2.67911	2.67911
1563	952	952	440	0.462185	0.462185
1564	3357	2357	458	0.136431	0.194315
1565	4612	3464	880	0.190807	0.254042
1566	7037	3102	880	0.125053	0.283688
1567	1888	1888	208	0.110169	0.110169
1568	4024	4024	1762	0.437873	0.437873
1569	7787	6653	2693	0.345833	0.40478
1570	7116	7116	2824	0.396852	0.396852
1571	3825	2825	660	0.172549	0.233628
1572	5791	4791	1320	0.22794	0.275517
1573	8061	3299	660	0.0818757	0.200061
1574	2298	2298	640	0.278503	0.278503
1575	1929	1929	728	0.377398	0.377398
1576	2085	2085	1105	0.529976	0.529976
1577	1798	1798	2674	1.48721	1.48721
1578	1513	1513	660	0.436219	0.436219
1579	2084	1790	440	0.211132	0.24581
1580	1114	1114	481	0.431777	0.431777
1581	934	934	2446	2.61884	2.61884
1582	3024	3024	2312	0.76455	0.76455
1583	2793	2793	1100	0.393842	0.393842
1584	3217	3217	1237	0.38452	0.38452
1585	986	986	440	0.446247	0.446247
1586	2812	1812	613	0.217994	0.3383
1587	2906	2906	5695	1.95974	1.95974
1588	1584	1565	705	0.445076	0.450479
1589	2018	2018	927	0.459366	0.459366
1590	1347	1347	660	0.489978	0.489978
1591	1167	1167	220	0.188518	0.188518
1592	2566	2566	2696	1.05066	1.05066
1593	3945	3945	1540	0.390368	0.390368
1594	1394	1394	1892	1.35725	1.35725
1595	2495	2495	18841	7.5515	7.5515
1596	3344	3344	6904	2.06459	2.06459
1597	3718	3652	1980	0.532544	0.542169
1598	3303	3303	7483	2.26552	2.26552
1599	1441	1441	3002	2.08328	2.08328
1600	1061	1061	634	0.597549	0.597549
1601	1351	1351	1145	0.84752	0.84752
1602	1464	706	660	0.45082	0.934844
1603	1348	1348	1238	0.918398	0.918398
1604	2104	2104	2640	1.25475	1.25475
1605	1404	1404	704	0.501425	0.501425
1606	1852	1852	1007	0.543737	0.543737
1607	2484	2484	1112	0.447665	0.447665
1608	2788	1788	640	0.229555	0.357942
1609	1039	1039	4541	4.37055	4.37055
1610	1886	1302	420	0.222694	0.322581
1611	1627	1627	1492	0.917025	0.917025
1612	2364	2364	10718	4.53384	4.53384
1613	2099	2099	550	0.26203	0.26203
1614	3446	3446	860	0.249565	0.249565
1615	3325	3325	3869	1.16361	1.16361
1616	2181	1803	1346	0.617148	0.746534
1617	1694	1694	4006	2.36482	2.36482
1618	1922	1922	1696	0.882414	0.882414
1619	3088	1716	220	0.0712435	0.128205
1620	3207	3207	2005	0.625195	0.625195
1621	2196	1196	164	0.0746812	0.137124
1622	2906	1998	876	0.301445	0.438438
1623	1730	1730	3308	1.91214	1.91214
1624	3659	659	220	0.0601257	0.333839
1625	1797	1797	2696	1.50028	1.50028
1626	3698	3698	1100	0.297458	0.297458
1627	2528	2528	1440	0.56962	0.56962
1628	4331	4331	2992	0.690834	0.690834
1629	2547	547	0	0	0
1630	3837	2837	1520	0.396143	0.535777
1631	1969	969	321	0.163027	0.331269
1632	4917	4917	2106	0.42831	0.42831
1633	4135	4135	2981	0.720919	0.720919
1634	4609	4609	1520	0.32979	0.32979
1635	3525	1847	707	0.200567	0.382783
1636	3974	3974	2670	0.671867	0.671867
1637	4113	4113	1760	0.427912	0.427912
1638	4952	4952	4922	0.993942	0.993942
1639	4499	4499	4139	0.919982	0.919982
1640	4673	3985	545	0.116627	0.136763
1641	3990	2990	1658	0.415539	0.554515
1642	4913	4913	4183	0.851415	0.851415
1643	4762	3762	1760	0.369593	0.467836
1644	3235	3235	4380	1.35394	1.35394
1645	3962	3962	1762	0.444725	0.444725
1646	5191	5191	3510	0.67617	0.67617
1647	3124	3124	5664	1.81306	1.81306
1648	3564	3564	8885	2.49299	2.49299
1649	4546	4546	3723	0.818962	0.818962
1650	2225	2225	1804	0.810787	0.810787
1651	3373	3373	3873	1.14824	1.14824
1652	3635	3635	2582	0.710316	0.710316
1653	2031	2031	440	0.216642	0.216642
1654	2332	1715	660	0.283019	0.38484
1655	591	591	1395	2.36041	2.36041
1656	2905	2905	1760	0.605852	0.605852
1657	2327	2327	2382	1.02364	1.02364
1658	3489	3489	2600	0.745199	0.745199
1659	3870	3870	2283	0.589922	0.589922
1660	5497	5497	5286	0.961615	0.961615
1661	2452	2452	5880	2.39804	2.39804
1662	3711	2068	660	0.17785	0.319149
1663	3646	2646	440	0.12068	0.166289
1664	4419	4419	5785	1.30912	1.30912
1665	1529	600	220	0.143885	0.366667
1666	3544	3544	1885	0.531885	0.531885
1667	3163	2333	2093	0.661714	0.897128
1668	2463	1463	963	0.390987	0.658237
1669	3509	3509	4580	1.30522	1.30522
1670	3982	3982	6982	1.75339	1.75339
1671	4874	4874	4451	0.913213	0.913213
1672	3796	3796	3661	0.964436	0.964436
1673	4252	3252	2788	0.655691	0.857319
1674	3197	3197	19173	5.99718	5.99718
1675	3701	3701	4964	1.34126	1.34126
1676	4147	3147	706	0.170244	0.224341
1677	3089	3089	808	0.261573	0.261573
1678	3207	2207	1634	0.50951	0.740372
1679	4955	4955	4281	0.863976	0.863976
1680	4853	4853	4074	0.839481	0.839481
1681	3561	2561	1540	0.432463	0.601328
1682	3911	3911	3394	0.867809	0.867809
1683	3645	3645	1760	0.482853	0.482853
1684	4917	4917	6956	1.41468	1.41468
1685	3134	3134	3447	1.09987	1.09987
1686	3149	2149	1740	0.552556	0.809679
1687	3035	3035	5363	1.76705	1.76705
1688	2960	2960	4460	1.50676	1.50676
1689	3260	2952	880	0.269939	0.298103
1690	4768	4768	1980	0.415268	0.415268
1691	2883	1883	1540	0.534166	0.817844
1692	2571	1795	1295	0.503695	0.721448
1693	2230	2230	928	0.416143	0.416143
1694	1575	1575	3150	2	2
1695	3446	3446	5206	1.51074	1.51074
1696	4332	4332	2998	0.692059	0.692059
1697	5193	5193	3090	0.595032	0.595032
1698	2637	2637	1760	0.667425	0.667425
1699	3734	3734	2572	0.688806	0.688806
1700	3680	3680	3979	1.08125	1.08125
1701	3156	3156	2420	0.766793	0.766793
1702	3691	3691	4512	1.22243	1.22243
1703	4772	3772	1576	0.33026	0.417815
1704	5388	5388	5448	1.01114	1.01114
1705	3154	3154	6184	1.96068	1.96068
1706	4290	4290	4398	1.02517	1.02517
1707	4525	4525	3305	0.730387	0.730387
1708	4780	4780	3972	0.830962	0.830962
1709	3785	3785	2716	0.717569	0.717569
1710	2813	2813	3700	1.31532	1.31532
1711	4418	4418	3188	0.721593	0.721593
1712	3380	3380	3080	0.911243	0.911243
1713	3064	3064	2224	0.725849	0.725849
1714	3041	3041	1448	0.476159	0.476159
1715	4457	4457	8845	1.98452	1.98452
1716	2648	1648	660	0.249245	0.400485
1717	3450	3450	2648	0.767536	0.767536
1718	2194	2194	1320	0.601641	0.601641
1719	2016	1733	860	0.426587	0.496249
1720	3108	3108	1281	0.412162	0.412162
1721	2031	2031	4652	2.2905	2.2905
1722	3145	3145	4180	1.32909	1.32909
1723	4890	4890	2426	0.496115	0.496115
1724	3176	2176	1172	0.369018	0.538603
1725	3847	3847	1080	0.280738	0.280738
1726	2304	1304	524	0.227431	0.40184
1727	2391	1391	1166	0.487662	0.838246
1728	863	863	774	0.896871	0.896871
1729	513	513	352	0.68616	0.68616
1730	550	550	440	0.8	0.8
1731	1689	1405	645	0.381883	0.459075
1732	1097	1097	220	0.200547	0.200547
1733	607	607	220	0.362438	0.362438
1734	1401	1401	220	0.157031	0.157031
1735	499	499	105	0.210421	0.210421
1736	497	0	0	0	0
1737	586	0	0	0	0
1738	593	593	613	1.03373	1.03373
1739	499	470	90	0.180361	0.191489
1740	1816	1684	220	0.121145	0.130641
1741	2655	2655	640	0.241055	0.241055
1742	1410	1410	880	0.624113	0.624113
1743	2261	2261	660	0.291906	0.291906
1744	939	939	220	0.234292	0.234292
1745	3113	3113	1017	0.326695	0.326695
1746	3133	3133	1100	0.351101	0.351101
1747	3320	3320	2303	0.693675	0.693675
1748	3571	3571	2420	0.677681	0.677681
1749	921	921	558	0.605863	0.605863
1750	1076	1076	1196	1.11152	1.11152
1751	1353	1353	1946	1.43829	1.43829
1752	1512	366	0	0	0
1753	1182	1182	1002	0.847716	0.847716
1754	1310	1310	1256	0.958779	0.958779
1755	1631	1631	772	0.473329	0.473329
1756	1495	1495	1340	0.896321	0.896321
1757	1626	1342	660	0.405904	0.491803
1758	1485	1485	660	0.444444	0.444444
1759	1487	1487	1187	0.798252	0.798252
1760	1495	1495	1013	0.677592	0.677592
1761	1669	1669	1760	1.05452	1.05452
1762	1498	1498	909	0.606809	0.606809
1763	1495	885	1445	0.966555	1.63277
1764	1452	1452	1434	0.987603	0.987603
1765	1534	1534	165	0.107562	0.107562
1766	1424	1424	1338	0.939607	0.939607
1767	1080	1080	2660	2.46296	2.46296
1768	1491	1491	492	0.32998	0.32998
1769	1512	1512	1320	0.873016	0.873016
1770	1511	1511	1822	1.20582	1.20582
1771	1495	1157	1320	0.882943	1.14088
1772	1474	1474	562	0.381275	0.381275
1773	1501	501	240	0.159893	0.479042
1774	1513	1513	617	0.407799	0.407799
1775	1449	1449	440	0.303658	0.303658
1776	1507	1507	939	0.623092	0.623092
1777	1835	1835	860	0.468665	0.468665
1778	1512	1512	320	0.21164	0.21164
1779	1472	1472	660	0.44837	0.44837
1780	1586	1052	484	0.30517	0.460076
1781	1482	1482	1297	0.875169	0.875169
1782	1460	1460	880	0.60274	0.60274
1783	1495	495	24	0.0160535	0.0484848
1784	1487	1487	1100	0.739744	0.739744
1785	1821	1821	660	0.362438	0.362438
1786	3364	3364	23068	6.85731	6.85731
1787	1600	1600	395	0.246875	0.246875
1788	1999	1999	1760	0.88044	0.88044
1789	3371	2988	1300	0.385642	0.435074
1790	604	604	0	0	0
1791	575	575	499	0.867826	0.867826
1792	875	51	0	0	0
1793	3218	2401	321	0.0997514	0.133694
1794	1997	1645	705	0.35303	0.428571
1795	739	279	0	0	0
1796	1002	424	0	0	0
1797	1498	1498	220	0.146862	0.146862
1798	1675	675	0	0	0
1799	2693	898	378	0.140364	0.420935
1800	187	96	0	0	0
1801	2651	2651	1941	0.732177	0.732177
1802	3742	0	0	0	0
1803	3974	3455	880	0.221439	0.254703
1804	2316	2316	3261	1.40803	1.40803
1805	3251	3251	1520	0.467548	0.467548
1806	2618	2618	2563	0.978992	0.978992
1807	4233	3233	1964	0.463974	0.607485
1808	2960	1973	880	0.297297	0.446021
1809	1175	1175	220	0.187234	0.187234
1810	3803	1803	1100	0.289245	0.610094
1811	3280	2126	440	0.134146	0.206961
1812	1362	1122	482	0.353891	0.42959
1813	3726	3726	3508	0.941492	0.941492
1814	850	850	836	0.983529	0.983529
1815	2556	2410	1980	0.774648	0.821577
1816	1799	1296	440	0.24458	0.339506
1817	2822	0	0	0	0
1818	2834	2834	2568	0.90614	0.90614
1819	2865	2865	2249	0.784991	0.784991
1820	3231	0	0	0	0
1821	2089	1089	976	0.467209	0.896235
1822	4031	4031	2013	0.49938	0.49938
1823	4649	3649	3692	0.794149	1.01178
1824	1754	1754	1834	1.04561	1.04561
1825	3476	0	0	0	0
1826	3656	2656	880	0.2407	0.331325
1827	2671	1779	440	0.164732	0.24733
1828	1679	1679	880	0.524122	0.524122
1829	5000	3000	880	0.176	0.293333
1830	1912	1912	1149	0.600941	0.600941
1831	2667	0	0	0	0
1832	3247	1718	456	0.140437	0.265425
1833	2752	0	0	0	0
1834	3190	1028	916	0.287147	0.891051
1835	3297	0	0	0	0
1836	3592	2592	880	0.244989	0.339506
1837	2898	1898	543	0.187371	0.286091
1838	2645	2645	473	0.178828	0.178828
1839	2004	1174	274	0.136727	0.23339
1840	2438	2438	660	0.270714	0.270714
1841	1006	1006	293	0.291252	0.291252
1842	3546	2546	2376	0.670051	0.933229
1843	1877	1877	880	0.468833	0.468833
1844	1573	1573	1441	0.916084	0.916084
1845	1602	643	0	0	0
1846	2039	2039	498	0.244237	0.244237
1847	2165	0	0	0	0
1848	3248	3248	1540	0.474138	0.474138
1849	1806	1806	574	0.317829	0.317829
1850	2727	913	53	0.0194353	0.0580504
1851	1909	1909	903	0.473023	0.473023
1852	2708	2622	660	0.243722	0.251716
1853	2205	2205	9123	4.13741	4.13741
1854	2550	2550	1553	0.60902	0.60902
1855	2018	2018	220	0.109019	0.109019
1856	1597	936	440	0.275517	0.470085
1857	3711	2711	1100	0.296416	0.405754
1858	1697	1697	8640	5.09134	5.09134
1859	1988	1988	2356	1.18511	1.18511
1860	1890	1890	860	0.455026	0.455026
1861	2737	2737	1912	0.698575	0.698575
1862	1595	1595	200	0.125392	0.125392
1863	3173	2592	880	0.27734	0.339506
1864	3509	3509	1320	0.376176	0.376176
1865	3353	3353	1737	0.518044	0.518044
1866	1932	1932	1282	0.663561	0.663561
1867	3176	3176	2366	0.744962	0.744962
1868	2042	2042	1321	0.646915	0.646915
1869	1598	1023	440	0.275344	0.430108
1870	3718	3341	1760	0.473373	0.526788
1871	1892	1548	220	0.116279	0.142119
1872	2893	1893	1740	0.601452	0.919176
1873	1776	1776	440	0.247748	0.247748
1874	2855	0	0	0	0
1875	1141	1141	871	0.763365	0.763365
1876	1909	1909	1300	0.680985	0.680985
1877	822	822	440	0.53528	0.53528
1878	2861	2861	884	0.308983	0.308983
1879	1603	1603	1118	0.697442	0.697442
1880	2124	2124	1302	0.612994	0.612994
1881	2678	0	0	0	0
1882	1475	1475	7247	4.91322	4.91322
1883	2073	2073	893	0.430777	0.430777
1884	1573	0	0	0	0
1885	3642	3642	1300	0.356947	0.356947
1886	1633	1302	302	0.184936	0.231951
1887	2588	2157	840	0.324575	0.38943
1888	2996	1000	220	0.0734312	0.22
1889	1208	1208	776	0.642384	0.642384
1890	3029	2718	1078	0.355893	0.396615
1891	2066	2066	9272	4.4879	4.4879
1892	1492	1492	614	0.411528	0.411528
1893	1468	1468	3724	2.53678	2.53678
1894	2104	2104	2528	1.20152	1.20152
1895	3141	3141	1628	0.518306	0.518306
1896	3865	3865	1264	0.327038	0.327038
1897	2387	1877	1057	0.442815	0.563133
1898	3664	2142	660	0.180131	0.308123
1899	1156	943	200	0.17301	0.212089
1900	2343	2343	1051	0.44857	0.44857
1901	1972	1972	860	0.436105	0.436105
1902	2808	2808	811	0.288818	0.288818
1903	2242	0	0	0	0
1904	1001	1001	1294	1.29271	1.29271
1905	1001	1001	660	0.659341	0.659341
1906	1796	183	0	0	0
1907	2028	603	63	0.0310651	0.104478
1908	825	825	256	0.310303	0.310303
1909	1453	0	0	0	0
1910	585	0	0	0	0
1911	925	244	0	0	0
1912	974	974	314	0.322382	0.322382
1913	1432	1432	660	0.460894	0.460894
1914	1246	1070	220	0.176565	0.205607
1915	1820	1820	614	0.337363	0.337363
1916	760	0	0	0	0
1917	1306	1306	514	0.393568	0.393568
1918	765	765	0	0	0
1919	1333	1333	1028	0.771193	0.771193
1920	1247	1247	4114	3.29912	3.29912
1921	494	494	76	0.153846	0.153846
1922	908	35	0	0	0
1923	624	403	103	0.165064	0.255583
1924	698	0	0	0	0
1925	558	16	0	0	0
1926	1471	1419	878	0.596873	0.618746
1927	1159	1159	828	0.714409	0.714409
1928	856	856	360	0.420561	0.420561
1929	1240	1012	440	0.354839	0.434783
1930	2781	2781	2361	0.848975	0.848975
1931	1188	1188	312	0.262626	0.262626
1932	1003	358	220	0.219342	0.614525
1933	1028	0	0	0	0
1934	2003	0	0	0	0
1935	699	699	956	1.36767	1.36767
1936	1176	1176	259	0.220238	0.220238
1937	818	818	498	0.608802	0.608802
1938	1935	1044	220	0.113695	0.210728
1939	728	181	0	0	0
1940	540	540	716	1.32593	1.32593
1941	950	950	640	0.673684	0.673684
1942	904	493	1226	1.35619	2.48682
1943	1245	1245	385	0.309237	0.309237
1944	1036	1036	440	0.42471	0.42471
1945	812	812	220	0.270936	0.270936
1946	902	902	220	0.243902	0.243902
1947	2056	1682	2804	1.36381	1.66706
1948	1200	1200	440	0.366667	0.366667
1949	579	579	220	0.379965	0.379965
1950	848	848	440	0.518868	0.518868
1951	632	632	558	0.882911	0.882911
1952	631	631	78	0.123613	0.123613
1953	1055	0	0	0	0
1954	2433	1433	355	0.14591	0.247732
1955	1304	321	0	0	0
1956	1889	1889	499	0.264161	0.264161
1957	2206	2206	3173	1.43835	1.43835
1958	1245	1245	470	0.37751	0.37751
1959	1363	1363	660	0.484226	0.484226
1960	1795	1795	1625	0.905292	0.905292
1961	759	759	1126	1.48353	1.48353
1962	822	822	800	0.973236	0.973236
1963	635	635	824	1.29764	1.29764
1964	1444	0	0	0	0
1965	1167	1167	440	0.377035	0.377035
1966	898	898	284	0.316258	0.316258
1967	588	588	0	0	0
1968	1848	0	0	0	0
1969	830	830	710	0.855422	0.855422
1970	1665	1665	880	0.528529	0.528529
1971	1297	1297	795	0.612953	0.612953
1972	578	578	293	0.50692	0.50692
1973	1028	370	320	0.311284	0.864865
1974	445	445	0	0	0
1975	548	548	440	0.80292	0.80292
1976	937	937	227	0.242263	0.242263
1977	575	575	90	0.156522	0.156522
1978	1205	780	220	0.182573	0.282051
1979	830	830	0	0	0
1980	537	491	220	0.409683	0.448065
1981	1452	1452	918	0.632231	0.632231
1982	1098	324	0	0	0
1983	1488	1488	844	0.567204	0.567204
1984	2184	2184	220	0.100733	0.100733
1985	3469	739	220	0.0634189	0.2977
1986	2137	1137	946	0.442677	0.832014
1987	2276	2276	640	0.281195	0.281195
1988	2565	347	67	0.0261209	0.193084
1989	1832	0	0	0	0
1990	1374	1374	1760	1.28093	1.28093
1991	2703	1452	440	0.162782	0.30303
1992	920	920	38	0.0413043	0.0413043
1993	992	992	998	1.00605	1.00605
1994	2668	0	0	0	0
1995	1956	1956	2316	1.18405	1.18405
1996	1650	1650	1512	0.916364	0.916364
1997	1842	124	0	0	0
1998	1004	1004	1100	1.09562	1.09562
1999	1362	1362	220	0.161527	0.161527
2000	2257	2008	1100	0.487373	0.547809
2001	5575	5575	3300	0.591928	0.591928
2002	6816	6816	3260	0.478286	0.478286
2003	6870	5870	2360	0.343523	0.402044
2004	5113	4113	1320	0.258165	0.320934
2005	6552	6552	3356	0.51221	0.51221
2006	4427	4427	2376	0.536707	0.536707
2007	6957	4957	2400	0.344976	0.484164
2008	7762	7762	3402	0.438289	0.438289
2009	7372	5372	1980	0.268584	0.368578
2010	6818	5818	2007	0.294368	0.344964
2011	3409	3409	1637	0.480199	0.480199
2012	1140	1140	660	0.578947	0.578947
2013	1703	1494	440	0.258368	0.294511
2014	1287	802	220	0.17094	0.274314
2015	962	962	488	0.507277	0.507277
2016	1678	1678	440	0.262217	0.262217
2017	1107	1107	544	0.491418	0.491418
2018	1115	1115	288	0.258296	0.258296
2019	963	963	440	0.456906	0.456906
2020	1455	282	0	0	0
2021	1289	628	8	0.00620636	0.0127389
2022	1027	1027	460	0.447907	0.447907
2023	1859	1859	922	0.495966	0.495966
2024	1642	1642	880	0.535932	0.535932
2025	1529	1463	220	0.143885	0.150376
2026	1121	1121	0	0	0
2027	2470	2470	860	0.348178	0.348178
2028	1689	1236	356	0.210776	0.288026
2029	1282	1282	220	0.171607	0.171607
2030	1259	0	0	0	0
2031	843	0	0	0	0
2032	1501	1000	220	0.146569	0.22
2033	960	766	0	0	0
2034	1046	1046	652	0.623327	0.623327
2035	702	702	220	0.31339	0.31339
2036	853	158	18	0.021102	0.113924
2037	1379	613	0	0	0
2038	491	0	0	0	0
2039	2736	736	819	0.299342	1.11277
2040	589	589	69	0.117148	0.117148
2041	987	987	660	0.668693	0.668693
2042	1452	1452	1280	0.881543	0.881543
2043	4129	4129	1704	0.412691	0.412691
2044	1015	0	0	0	0
2045	781	781	366	0.46863	0.46863
2046	1731	1731	440	0.254188	0.254188
2047	1177	808	168	0.142736	0.207921
2048	1119	1119	29	0.025916	0.025916
2049	993	109	0	0	0
2050	3551	2459	418	0.117713	0.169988
2051	1387	1387	220	0.158616	0.158616
2052	852	852	660	0.774648	0.774648
2053	1573	1573	440	0.27972	0.27972
2054	1491	1278	220	0.147552	0.172144
2055	817	817	426	0.52142	0.52142
2056	849	849	549	0.646643	0.646643
2057	1776	1611	440	0.247748	0.273122
2058	1352	1352	627	0.463757	0.463757
2059	1104	1104	674	0.610507	0.610507
2060	1996	577	0	0	0
2061	1629	0	0	0	0
2062	1025	1025	405	0.395122	0.395122
2063	1140	1140	892	0.782456	0.782456
2064	1150	0	0	0	0
2065	2356	0	0	0	0
2066	1395	0	0	0	0
2067	1187	1187	1100	0.926706	0.926706
2068	1687	1687	921	0.54594	0.54594
2069	1372	1372	724	0.527697	0.527697
2070	1206	1206	1111	0.921227	0.921227
2071	851	851	1134	1.33255	1.33255
2072	1187	0	0	0	0
2073	1116	1116	1371	1.22849	1.22849
2074	1576	437	137	0.0869289	0.313501
2075	4307	2307	443	0.102856	0.192024
2076	4748	3748	1740	0.36647	0.464248
2077	1577	247	87	0.055168	0.352227
2078	1127	1127	1143	1.0142	1.0142
2079	1143	846	220	0.192476	0.260047
2080	597	597	220	0.368509	0.368509
2081	1355	1355	687	0.507011	0.507011
2082	699	699	220	0.314735	0.314735
2083	1184	1184	244	0.206081	0.206081
2084	1145	1145	563	0.491703	0.491703
2085	840	840	1491	1.775	1.775
2086	1304	1304	2776	2.12883	2.12883
2087	1393	1393	775	0.556353	0.556353
2088	1079	1079	220	0.203892	0.203892
2089	1776	1049	660	0.371622	0.629171
2090	1792	0	0	0	0
2091	2332	928	660	0.283019	0.711207
2092	2363	2363	880	0.372408	0.372408
2093	2374	2374	660	0.278012	0.278012
2094	1001	0	0	0	0
2095	1306	1306	186	0.14242	0.14242
2096	1052	693	220	0.209125	0.31746
2097	961	961	342	0.355879	0.355879
2098	1045	542	62	0.0593301	0.114391
2099	1578	1578	1298	0.82256	0.82256
2100	1578	1327	1087	0.688847	0.819141
2101	1440	1440	3537	2.45625	2.45625
2102	900	0	0	0	0
2103	859	859	584	0.67986	0.67986
2104	2883	2883	683	0.236906	0.236906
2105	1639	653	220	0.134228	0.336907
2106	2528	0	0	0	0
2107	2091	1091	274	0.131038	0.251146
2108	2192	0	0	0	0
2109	976	976	406	0.415984	0.415984
2110	1939	1939	860	0.443528	0.443528
2111	1453	1195	440	0.302822	0.368201
2112	1004	0	0	0	0
2113	1272	1272	326	0.256289	0.256289
2114	1412	802	220	0.155807	0.274314
2115	1067	1000	220	0.206186	0.22
2116	2040	2040	2299	1.12696	1.12696
2117	1859	1859	880	0.473373	0.473373
2118	1525	1525	636	0.417049	0.417049
2119	1908	1908	2676	1.40252	1.40252
2120	1306	1306	220	0.168453	0.168453
2121	1520	1000	420	0.276316	0.42
2122	914	0	0	0	0
2123	1547	45	0	0	0
2124	1787	938	220	0.123111	0.234542
2125	1646	1646	5225	3.17436	3.17436
2126	2751	1751	397	0.144311	0.226728
2127	1213	826	220	0.181369	0.266344
2128	674	674	103	0.152819	0.152819
2129	769	482	220	0.286086	0.456432
2130	561	561	211	0.376114	0.376114
2131	991	0	0	0	0
2132	1477	1477	220	0.148951	0.148951
2133	1560	1560	660	0.423077	0.423077
2134	902	902	366	0.405765	0.405765
2135	917	753	293	0.31952	0.38911
2136	998	998	1501	1.50401	1.50401
2137	1669	1669	1448	0.867585	0.867585
2138	1426	1426	440	0.308555	0.308555
2139	933	933	220	0.235798	0.235798
2140	1862	1862	424	0.227712	0.227712
2141	1802	981	440	0.244173	0.448522
2142	788	353	373	0.47335	1.05666
2143	1328	1328	220	0.165663	0.165663
2144	1463	696	440	0.300752	0.632184
2145	1611	1611	735	0.456238	0.456238
2146	1094	1094	220	0.201097	0.201097
2147	1291	1291	1195	0.925639	0.925639
2148	1416	1416	1268	0.89548	0.89548
2149	664	664	344	0.518072	0.518072
2150	2607	1000	220	0.0843882	0.22
2151	951	0	0	0	0
2152	1832	0	0	0	0
2153	1675	1675	2653	1.58388	1.58388
2154	2493	596	0	0	0
2155	2504	2504	1765	0.704872	0.704872
2156	2510	2510	2323	0.925498	0.925498
2157	2504	2504	2354	0.940096	0.940096
2158	2537	1537	704	0.277493	0.458035
2159	2507	1507	614	0.244914	0.407432
2160	2505	2505	1350	0.538922	0.538922
2161	2515	2276	1416	0.563022	0.622144
2162	2515	0	0	0	0
2163	2511	2511	954	0.379928	0.379928
2164	2507	627	47	0.0187475	0.0749601
2165	2515	1515	137	0.0544732	0.090429
2166	2514	2514	710	0.282418	0.282418
2167	2513	425	5	0.00198965	0.0117647
2168	2508	2508	220	0.0877193	0.0877193
2169	2509	2143	1100	0.438422	0.513299
2170	2576	2576	916	0.35559	0.35559
2171	2503	0	0	0	0
2172	2506	2506	1320	0.526736	0.526736
2173	2503	2503	1540	0.615262	0.615262
2174	2506	0	0	0	0
2175	2506	893	779	0.310854	0.87234
2176	2504	1504	461	0.184105	0.306516
2177	2507	2507	880	0.351017	0.351017
2178	2506	912	220	0.0877893	0.241228
2179	2511	1616	296	0.117881	0.183168
2180	2512	2512	7904	3.1465	3.1465
2181	2587	2587	1606	0.620796	0.620796
2182	2512	2017	1597	0.635748	0.79177
2183	3595	2420	1760	0.489569	0.727273
2184	3529	3529	1238	0.350808	0.350808
2185	3510	3510	11670	3.32479	3.32479
2186	3509	3509	1100	0.31348	0.31348
2187	3513	2513	666	0.189582	0.265022
2188	3509	3509	3526	1.00484	1.00484
2189	3507	1122	220	0.0627317	0.196078
2190	3516	3516	2420	0.688282	0.688282
2191	3512	3512	1505	0.428531	0.428531
2192	3504	3504	3228	0.921233	0.921233
2193	3510	3510	1080	0.307692	0.307692
2194	3503	0	0	0	0
2195	3504	2504	1392	0.39726	0.555911
2196	3506	3506	2846	0.811751	0.811751
2197	3518	3518	3260	0.926663	0.926663
2198	3501	3501	1719	0.491003	0.491003
2199	3703	3703	3720	1.00459	1.00459
2200	3401	3401	3611	1.06175	1.06175
2201	2508	2114	1060	0.422648	0.501419
2202	955	838	538	0.563351	0.642005
2203	1039	907	27	0.0259865	0.0297685
2204	909	909	710	0.781078	0.781078
2205	973	973	303	0.311408	0.311408
2206	1007	1007	294	0.291956	0.291956
2207	1528	1528	283	0.185209	0.185209
2208	1022	1022	0	0	0
2209	1342	1342	470	0.350224	0.350224
2210	909	909	2940	3.23432	3.23432
2211	1180	0	0	0	0
2212	1481	0	0	0	0
2213	1113	1113	2268	2.03774	2.03774
2214	330	330	671	2.03333	2.03333
2215	2502	2502	231	0.0923261	0.0923261
2216	2268	2268	1728	0.761905	0.761905
2217	3342	2382	440	0.131658	0.184719
2218	2525	0	0	0	0
2219	2499	2499	1703	0.681473	0.681473
2220	2499	1754	660	0.264106	0.376283
2221	3045	3045	3823	1.2555	1.2555
2222	4399	3399	2420	0.550125	0.711974
2223	3501	1501	440	0.125678	0.293138
2224	3510	1510	660	0.188034	0.437086
2225	3506	2506	603	0.171991	0.240623
2226	3125	0	0	0	0
2227	3095	3095	17643	5.70048	5.70048
2228	3537	2537	3412	0.964659	1.3449
2229	3931	3931	24014	6.10888	6.10888
2230	3956	2023	860	0.217391	0.425111
2231	4202	0	0	0	0
2232	3820	3820	1740	0.455497	0.455497
2233	3746	3746	2026	0.540844	0.540844
2234	4202	0	0	0	0
2235	3807	3807	1370	0.359863	0.359863
2236	4533	3533	1320	0.291198	0.37362
2237	4342	3342	1080	0.248733	0.32316
2238	2672	2672	6015	2.25112	2.25112
2239	3273	3273	4159	1.2707	1.2707
2240	3785	3785	880	0.232497	0.232497
2241	3629	1479	200	0.0551116	0.135227
2242	3356	2000	660	0.196663	0.33
2243	2371	585	0	0	0
2244	3032	3032	1777	0.586082	0.586082
2245	2049	1049	440	0.214739	0.419447
2246	2071	383	0	0	0
2247	2700	2381	1100	0.407407	0.461991
2248	1282	1282	378	0.294852	0.294852
2249	1240	1240	5179	4.17661	4.17661
2250	1889	0	0	0	0
2251	1233	0	0	0	0
2252	1915	1340	440	0.229765	0.328358
2253	1959	1096	276	0.140888	0.251825
2254	1332	1332	2640	1.98198	1.98198
2255	1678	1678	880	0.524434	0.524434
2256	1572	572	0	0	0
2257	1924	0	0	0	0
2258	1639	1639	1186	0.723612	0.723612
2259	1575	1575	832	0.528254	0.528254
2260	2543	2543	1809	0.711365	0.711365
2261	2251	1251	220	0.0977343	0.175859
2262	1421	0	0	0	0
2263	856	856	220	0.257009	0.257009
2264	1556	1556	4356	2.79949	2.79949
2265	1105	1105	660	0.597285	0.597285
2266	3549	0	0	0	0
2267	1547	547	247	0.159664	0.451554
2268	3086	2649	860	0.278678	0.324651
2269	2844	2844	3890	1.36779	1.36779
2270	1718	1488	508	0.295693	0.341398
2271	2817	2817	1097	0.389421	0.389421
2272	3285	1000	220	0.0669711	0.22
2273	2654	2654	1282	0.483044	0.483044
2274	1880	1140	440	0.234043	0.385965
2275	1339	1339	2812	2.10007	2.10007
2276	1609	1181	220	0.136731	0.186283
2277	2553	1553	660	0.258519	0.424984
2278	3016	2000	440	0.145889	0.22
2279	3278	1132	440	0.134228	0.388693
2280	2037	2037	826	0.405498	0.405498
2281	2966	1966	660	0.222522	0.335707
2282	2408	841	241	0.100083	0.286564
2283	2343	2343	10966	4.68032	4.68032
2284	1858	168	0	0	0
2285	3412	3412	6935	2.03253	2.03253
2286	1836	1836	12066	6.5719	6.5719
2287	2710	0	0	0	0
2288	1937	0	0	0	0
2289	1004	1004	162	0.161355	0.161355
2290	1409	1409	1464	1.03903	1.03903
2291	4101	4101	3920	0.955864	0.955864
2292	3588	3588	6122	1.70624	1.70624
2293	3346	3346	1080	0.322773	0.322773
2294	3373	3373	660	0.195672	0.195672
2295	3462	3462	1100	0.317735	0.317735
2296	4395	4395	3080	0.700796	0.700796
2297	3612	3612	3308	0.915836	0.915836
2298	3426	2971	440	0.12843	0.148098
2299	3622	2253	440	0.12148	0.195295
2300	3638	3638	1960	0.538758	0.538758
2301	3471	2471	791	0.227888	0.320113
2302	3820	3820	880	0.230366	0.230366
2303	3506	3506	2860	0.815744	0.815744
2304	3119	0	0	0	0
2305	4152	3152	759	0.182803	0.240799
2306	3064	1064	562	0.18342	0.528195
2307	3027	2838	880	0.290717	0.310078
2308	3002	2846	646	0.21519	0.226985
2309	1240	1240	1640	1.32258	1.32258
2310	2005	2005	989	0.493267	0.493267
2311	3305	2868	2420	0.732224	0.843794
2312	2915	2088	660	0.226415	0.316092
2313	2325	2325	451	0.193978	0.193978
2314	1134	1134	373	0.328924	0.328924
2315	2511	1511	486	0.193548	0.321641
2316	1515	0	0	0	0
2317	2311	2311	2422	1.04803	1.04803
2318	1561	0	0	0	0
2319	1565	565	0	0	0
2320	1772	1772	944	0.532731	0.532731
2321	1828	1828	948	0.5186	0.5186
2322	1892	892	440	0.232558	0.493274
2323	2335	2335	716	0.306638	0.306638
2324	2541	2541	728	0.286501	0.286501
2325	2198	1430	440	0.200182	0.307692
2326	2432	2066	860	0.353618	0.416263
2327	2111	0	0	0	0
2328	4976	2976	675	0.135651	0.226815
2329	2999	2999	2338	0.779593	0.779593
2330	4295	4001	1760	0.409779	0.43989
2331	5117	3706	1726	0.337307	0.465731
2332	5099	5099	2734	0.536184	0.536184
2333	4003	3003	874	0.218336	0.291042
2334	5091	5091	9223	1.81163	1.81163
2335	4706	4706	1562	0.331917	0.331917
2336	4189	2366	526	0.125567	0.222316
2337	3546	1546	537	0.151438	0.347348
2338	4542	3950	2110	0.464553	0.534177
2339	4775	4775	2795	0.58534	0.58534
2340	4548	4548	25399	5.58465	5.58465
2341	5027	3377	840	0.167098	0.248741
2342	4244	3244	1226	0.288878	0.377928
2343	3264	3264	660	0.202206	0.202206
2344	3003	2003	500	0.1665	0.249626
2345	3969	3969	1300	0.327538	0.327538
2346	4594	4594	1980	0.430997	0.430997
2347	3590	3590	1540	0.428969	0.428969
2348	4988	4988	2180	0.437049	0.437049
2349	2838	2838	2620	0.923185	0.923185
2350	3138	3138	3854	1.22817	1.22817
2351	4010	4010	17740	4.42394	4.42394
2352	2532	2532	6526	2.57741	2.57741
2353	4353	3353	1438	0.330347	0.42887
2354	3072	2072	1540	0.501302	0.743243
2355	3822	2822	660	0.172684	0.233877
2356	3322	2783	660	0.198675	0.237154
2357	3823	1000	220	0.0575464	0.22
2358	4862	4862	10887	2.2392	2.2392
2359	4181	4181	1951	0.466635	0.466635
2360	3028	2587	1100	0.363276	0.425203
2361	3089	3089	660	0.213661	0.213661
2362	3048	770	220	0.0721785	0.285714
2363	3130	3130	1328	0.424281	0.424281
2364	2918	0	0	0	0
2365	2985	2985	8930	2.99162	2.99162
2366	2370	2370	4410	1.86076	1.86076
2367	2809	172	0	0	0
2368	4971	2000	220	0.0442567	0.11
2369	3825	2825	1760	0.460131	0.623009
2370	3889	1000	860	0.221137	0.86
2371	3805	1843	440	0.115637	0.238741
2372	2730	1730	1300	0.47619	0.751445
2373	2011	498	0	0	0
2374	2754	1754	440	0.159768	0.250855
2375	2239	2239	860	0.3841	0.3841
2376	2434	2434	2239	0.919885	0.919885
2377	3785	2955	1540	0.406869	0.521151
2378	4420	3420	1580	0.357466	0.461988
2379	4059	4059	2180	0.537078	0.537078
2380	4229	3229	880	0.208087	0.27253
2381	3661	2661	660	0.180279	0.248027
2382	2845	2845	1409	0.495255	0.495255
2383	2702	2702	337	0.124722	0.124722
2384	3262	2000	880	0.269773	0.44
2385	2814	1872	440	0.156361	0.235043
2386	3074	0	0	0	0
2387	2715	1715	1175	0.432781	0.685131
2388	4264	0	0	0	0
2389	3362	1918	1100	0.327186	0.573514
2390	2608	2608	880	0.337423	0.337423
2391	3401	1887	807	0.237283	0.427663
2392	2892	2892	924	0.319502	0.319502
2393	3526	3342	702	0.199092	0.210054
2394	2579	2579	13243	5.13494	5.13494
2395	3699	3699	1823	0.492836	0.492836
2396	2790	2790	2006	0.718996	0.718996
2397	2885	138	0	0	0
2398	2773	1381	1100	0.396682	0.796524
2399	2801	0	0	0	0
2400	2942	1063	200	0.067981	0.188147
2401	3190	2190	546	0.17116	0.249315
2402	4638	4638	5652	1.21863	1.21863
2403	4799	4799	1739	0.362367	0.362367
2404	4113	4113	3687	0.896426	0.896426
2405	4255	4255	1740	0.408931	0.408931
2406	2736	1736	660	0.241228	0.380184
2407	3480	3480	500	0.143678	0.143678
2408	2767	1418	440	0.159017	0.310296
2409	2686	1686	660	0.245719	0.391459
2410	4039	4039	1947	0.48205	0.48205
2411	3074	3074	4147	1.34906	1.34906
2412	2458	2458	2902	1.18063	1.18063
2413	2857	2857	1718	0.60133	0.60133
2414	2648	2648	2948	1.11329	1.11329
2415	2845	1845	440	0.154657	0.238482
2416	2578	1578	778	0.301784	0.493029
2417	2510	2510	880	0.350598	0.350598
2418	2718	1000	220	0.0809419	0.22
2419	2889	1782	220	0.0761509	0.123457
2420	2721	2721	1469	0.539875	0.539875
2421	2826	2258	880	0.311394	0.389725
2422	2527	2046	440	0.17412	0.215054
2423	2512	1000	220	0.0875796	0.22
2424	2697	2396	956	0.354468	0.398998
2425	3412	3412	18573	5.44343	5.44343
2426	2740	2740	660	0.240876	0.240876
2427	2532	2532	1470	0.580569	0.580569
2428	2624	650	0	0	0
2429	4866	3866	4826	0.99178	1.24832
2430	4182	3182	880	0.210426	0.276556
2431	5618	0	0	0	0
2432	3581	3581	1861	0.519687	0.519687
2433	3436	2436	2923	0.850698	1.19992
2434	1776	938	78	0.0439189	0.0831557
2435	5062	5062	3300	0.651916	0.651916
2436	2361	2361	3969	1.68107	1.68107
2437	4391	3851	1980	0.450922	0.514152
2438	4017	4017	3300	0.821509	0.821509
2439	2691	2691	840	0.312152	0.312152
2440	3245	3245	3080	0.949153	0.949153
2441	3790	2286	1740	0.459103	0.761155
2442	2697	2405	1165	0.431961	0.484407
2443	2959	2000	660	0.223048	0.33
2444	2491	1491	606	0.243276	0.406439
2445	3513	0	0	0	0
2446	3036	2838	2294	0.755599	0.808316
2447	4426	2426	627	0.141663	0.25845
2448	2853	1250	660	0.231335	0.528
2449	3036	2036	689	0.226943	0.338409
2450	5145	5145	2208	0.429155	0.429155
2451	3746	2746	1100	0.293647	0.400583
2452	5250	0	0	0	0
2453	3214	3214	2157	0.671126	0.671126
2454	2372	1372	1237	0.521501	0.901603
2455	2773	2773	1100	0.396682	0.396682
2456	4215	3215	660	0.156584	0.205288
2457	3644	3644	4055	1.11279	1.11279
2458	4348	4348	3703	0.851656	0.851656
2459	3526	3526	2179	0.617981	0.617981
2460	3028	3028	2043	0.674703	0.674703
2461	4472	3472	660	0.147585	0.190092
2462	2553	2553	2953	1.15668	1.15668
2463	1938	1938	1214	0.626419	0.626419
2464	2519	1389	1338	0.531163	0.963283
2465	3173	0	0	0	0
2466	2817	2817	1760	0.624778	0.624778
2467	2643	628	8	0.00302686	0.0127389
2468	2873	1850	290	0.10094	0.156757
2469	3611	3611	2891	0.800609	0.800609
2470	2267	2267	606	0.267314	0.267314
2471	3510	3133	1080	0.307692	0.344718
2472	2146	0	0	0	0
2473	3747	3476	880	0.234855	0.253165
2474	5385	0	0	0	0
2475	4479	3479	660	0.147354	0.18971
2476	2897	2897	1320	0.455644	0.455644
2477	3522	2000	420	0.11925	0.21
2478	2819	1601	741	0.262859	0.462836
2479	3603	2603	1080	0.29975	0.414906
2480	3749	3264	1104	0.294479	0.338235
2481	4378	4378	2200	0.502513	0.502513
2482	5559	4715	1295	0.232956	0.274655
2483	3322	3322	1579	0.475316	0.475316
2484	4043	4043	1954	0.483304	0.483304
2485	5768	0	0	0	0
2486	4498	3498	1980	0.440196	0.566038
2487	3895	3895	5167	1.32657	1.32657
2488	3379	2576	1176	0.348032	0.456522
2489	4033	3496	1320	0.3273	0.377574
2490	2479	0	0	0	0
2491	2598	2598	2860	1.10085	1.10085
2492	1170	1170	1478	1.26325	1.26325
2493	2312	1043	243	0.105104	0.232982
2494	1734	587	220	0.126874	0.374787
2495	3224	3224	1940	0.601737	0.601737
2496	2202	2202	431	0.195731	0.195731
2497	2574	2574	1760	0.683761	0.683761
2498	2450	1450	1745	0.712245	1.20345
2499	3236	0	0	0	0
2500	3198	2875	880	0.275172	0.306087
2501	2564	2564	797	0.310842	0.310842
2502	1823	988	420	0.230389	0.425101
2503	2487	2487	880	0.35384	0.35384
2504	2266	2266	1980	0.873786	0.873786
2505	3060	3060	3780	1.23529	1.23529
2506	2926	2588	1320	0.451128	0.510046
2507	2909	2909	440	0.151255	0.151255
2508	1485	1065	440	0.296296	0.413146
2509	1790	790	263	0.146927	0.332911
2510	2757	2757	2616	0.948857	0.948857
2511	2862	901	440	0.153739	0.488346
2512	1604	802	0	0	0
2513	2137	594	74	0.034628	0.124579
2514	3012	3012	1732	0.575033	0.575033
2515	2993	2993	1882	0.628801	0.628801
2516	3008	2277	440	0.146277	0.193237
2517	3085	3085	880	0.285251	0.285251
2518	2208	1374	788	0.356884	0.573508
2519	1927	1927	1300	0.674624	0.674624
2520	2232	0	0	0	0
2521	2018	2018	1472	0.729435	0.729435
2522	2742	2742	7678	2.80015	2.80015
2523	2014	0	0	0	0
2524	2000	1566	220	0.11	0.140485
2525	2000	2000	1980	0.99	0.99
2526	2004	2004	26332	13.1397	13.1397
2527	2020	2020	3874	1.91782	1.91782
2528	2836	2836	13604	4.7969	4.7969
2529	2067	2067	880	0.425738	0.425738
2530	2001	2001	220	0.109945	0.109945
2531	1993	1013	433	0.21726	0.427443
2532	2000	140	0	0	0
2533	1987	1987	880	0.442879	0.442879
2534	1909	1909	299	0.156627	0.156627
2535	2527	2527	1791	0.708746	0.708746
2536	3001	3001	880	0.293236	0.293236
2537	2873	1601	421	0.146537	0.262961
2538	3033	3033	6853	2.25948	2.25948
2539	1420	1420	1287	0.906338	0.906338
2540	1903	1000	220	0.115607	0.22
2541	2219	2219	2492	1.12303	1.12303
2542	2517	0	0	0	0
2543	2418	2418	1100	0.454921	0.454921
2544	2059	1000	660	0.320544	0.66
2545	1597	1597	646	0.404508	0.404508
2546	1493	1308	640	0.428667	0.489297
2547	2705	1000	220	0.0813309	0.22
2548	1436	494	0	0	0
2549	2026	1115	220	0.108588	0.197309
2550	1916	1916	917	0.478601	0.478601
2551	1510	1510	773	0.511921	0.511921
2552	1448	1448	759	0.524171	0.524171
2553	3082	3082	880	0.285529	0.285529
2554	4042	4042	1422	0.351806	0.351806
2555	2936	1427	660	0.224796	0.462509
2556	2555	0	0	0	0
2557	2363	1492	1320	0.558612	0.884718
2558	1365	1365	4217	3.08938	3.08938
2559	3025	3025	3305	1.09256	1.09256
2560	2987	2987	3144	1.05256	1.05256
2561	1597	1597	845	0.529117	0.529117
2562	1979	1979	880	0.444669	0.444669
2563	1709	1698	660	0.386191	0.388693
2564	2592	0	0	0	0
2565	2843	2843	6156	2.16532	2.16532
2566	2257	2257	6056	2.68321	2.68321
2567	2176	2176	700	0.321691	0.321691
2568	3524	3524	1819	0.516175	0.516175
2569	2001	1495	1100	0.549725	0.735786
2570	2978	1045	305	0.102418	0.291866
2571	2550	2550	1100	0.431373	0.431373
2572	2432	1555	575	0.236431	0.369775
2573	2816	1849	1758	0.62429	0.950784
2574	2372	2372	812	0.342327	0.342327
2575	2384	2384	2394	1.00419	1.00419
2576	2260	2260	862	0.381416	0.381416
2577	2380	1954	440	0.184874	0.225179
2578	1927	0	0	0	0
2579	3007	0	0	0	0
2580	2435	2435	1286	0.528131	0.528131
