0	639	639	393	0.615023	0.615023
1	1641	0	0	0	0
2	1309	657	537	0.410237	0.817352
3	1162	0	0	0	0
4	1390	0	0	0	0
5	1568	1050	220	0.140306	0.209524
6	1599	1162	220	0.137586	0.189329
7	1433	1433	220	0.153524	0.153524
8	1413	0	0	0	0
9	1616	1616	1320	0.816832	0.816832
10	1336	0	0	0	0
11	1299	0	0	0	0
12	1664	0	0	0	0
13	1611	249	0	0	0
14	1645	1545	220	0.133739	0.142395
15	1410	410	2	0.00141844	0.00487805
16	920	0	0	0	0
17	1562	1438	598	0.382843	0.415855
18	1581	1432	220	0.139152	0.153631
19	1576	1576	220	0.139594	0.139594
20	1259	825	220	0.174742	0.266667
21	1322	0	0	0	0
22	849	849	168	0.19788	0.19788
23	1281	1281	754	0.588603	0.588603
24	1098	1098	898	0.817851	0.817851
25	1192	763	440	0.369128	0.576671
26	715	715	200	0.27972	0.27972
27	1058	0	0	0	0
28	972	615	220	0.226337	0.357724
29	892	359	0	0	0
30	1929	1671	251	0.130119	0.150209
31	1135	0	0	0	0
32	1284	402	122	0.0950156	0.303483
33	1006	1006	220	0.218688	0.218688
34	1283	1264	864	0.673422	0.683544
35	970	970	440	0.453608	0.453608
36	929	655	220	0.236814	0.335878
37	2047	0	0	0	0
38	825	825	77	0.0933333	0.0933333
39	892	0	0	0	0
40	1144	1144	440	0.384615	0.384615
41	620	0	0	0	0
42	1340	685	220	0.164179	0.321168
43	916	916	4064	4.43668	4.43668
44	1013	1013	220	0.217177	0.217177
45	462	268	256	0.554113	0.955224
46	1507	1507	200	0.132714	0.132714
47	611	611	144	0.235679	0.235679
48	859	702	220	0.256112	0.31339
49	1240	0	0	0	0
50	951	951	86	0.0904311	0.0904311
51	1430	459	0	0	0
52	1092	926	220	0.201465	0.237581
53	1121	0	0	0	0
54	1400	688	0	0	0
55	1127	1127	432	0.383319	0.383319
56	1189	0	0	0	0
57	1052	0	0	0	0
58	1466	852	0	0	0
59	858	819	419	0.488345	0.5116
60	906	716	572	0.631347	0.798883
61	1376	376	81	0.0588663	0.215426
62	729	729	225	0.308642	0.308642
63	1424	1424	660	0.463483	0.463483
64	1241	1241	220	0.177276	0.177276
65	1099	793	220	0.200182	0.277427
66	961	852	220	0.228928	0.258216
67	1281	689	69	0.0538642	0.100145
68	862	115	0	0	0
69	918	918	220	0.239651	0.239651
70	660	660	220	0.333333	0.333333
71	1155	0	0	0	0
72	846	846	537	0.634752	0.634752
73	1301	645	200	0.153728	0.310078
74	1547	1547	440	0.284421	0.284421
75	1338	0	0	0	0
76	850	830	220	0.258824	0.26506
77	1223	1064	440	0.359771	0.413534
78	1168	1012	92	0.0787671	0.0909091
79	1500	0	0	0	0
80	1243	289	0	0	0
81	1255	1255	220	0.175299	0.175299
82	905	253	53	0.0585635	0.209486
83	1309	1309	220	0.168067	0.168067
84	735	96	0	0	0
85	1160	1160	996	0.858621	0.858621
86	1314	529	0	0	0
87	1137	347	220	0.193492	0.634006
88	1328	1184	200	0.150602	0.168919
89	1513	254	114	0.075347	0.448819
90	1465	186	0	0	0
91	1271	434	220	0.173092	0.506912
92	1462	1000	220	0.150479	0.22
93	1354	0	0	0	0
94	1598	787	220	0.137672	0.279543
95	3058	2591	640	0.209287	0.247009
96	2273	2273	1100	0.483942	0.483942
97	1470	750	440	0.29932	0.586667
98	1910	1272	440	0.230366	0.345912
99	1853	1853	1250	0.674582	0.674582
100	1244	1244	220	0.176849	0.176849
101	2020	623	220	0.108911	0.35313
102	1502	733	0	0	0
103	1749	0	0	0	0
104	2890	0	0	0	0
105	1919	0	0	0	0
106	1702	1702	440	0.258519	0.258519
107	1689	756	0	0	0
108	2110	0	0	0	0
109	776	242	2	0.00257732	0.00826446
110	999	14	0	0	0
111	1259	868	220	0.174742	0.253456
112	2504	1962	880	0.351438	0.448522
113	520	520	220	0.423077	0.423077
114	2605	1729	440	0.168906	0.254482
115	835	835	659	0.789222	0.789222
116	779	0	0	0	0
117	1316	0	0	0	0
118	974	0	0	0	0
119	1912	1578	440	0.230126	0.278834
120	2085	1000	220	0.105516	0.22
121	2548	0	0	0	0
122	1616	0	0	0	0
123	1970	0	0	0	0
124	2307	1553	440	0.190724	0.283323
125	1809	821	261	0.144279	0.317905
126	1506	0	0	0	0
127	1661	1661	1629	0.980734	0.980734
128	3872	2248	440	0.113636	0.19573
129	726	726	273	0.376033	0.376033
130	1222	1222	220	0.180033	0.180033
131	1471	711	220	0.149558	0.309423
132	1630	1630	2956	1.8135	1.8135
133	1379	1379	440	0.319072	0.319072
134	1467	390	0	0	0
135	1645	0	0	0	0
136	1885	1885	660	0.350133	0.350133
137	1563	563	130	0.0831734	0.230906
138	1210	474	220	0.181818	0.464135
139	1334	931	220	0.164918	0.236305
140	1187	0	0	0	0
141	1406	98	0	0	0
142	1065	1065	220	0.206573	0.206573
143	1238	0	0	0	0
144	1552	1000	220	0.141753	0.22
145	1559	1153	413	0.264913	0.358196
146	1306	1306	637	0.487749	0.487749
147	1350	466	0	0	0
148	1435	1435	0	0	0
149	1614	856	356	0.22057	0.415888
150	827	827	180	0.217654	0.217654
151	1903	1000	440	0.231214	0.44
152	1337	1337	338	0.252805	0.252805
153	1461	82	0	0	0
154	1042	458	440	0.422265	0.960699
155	1648	1083	343	0.208131	0.316713
156	1208	1208	640	0.529801	0.529801
157	1430	717	0	0	0
158	1363	1363	420	0.308144	0.308144
159	1693	195	0	0	0
160	1203	1164	440	0.365752	0.378007
161	1198	335	0	0	0
162	1363	1	0	0	0
163	1506	0	0	0	0
164	2339	1600	640	0.273621	0.4
165	2166	584	144	0.066482	0.246575
166	2250	1230	220	0.0977778	0.178862
167	1334	850	2110	1.58171	2.48235
168	1818	56	0	0	0
169	2011	2011	632	0.314272	0.314272
170	2163	0	0	0	0
171	1743	454	220	0.126219	0.484581
172	1329	1329	220	0.165538	0.165538
173	1296	1296	2269	1.75077	1.75077
174	1072	913	440	0.410448	0.481928
175	1803	0	0	0	0
176	1591	0	0	0	0
177	937	0	0	0	0
178	970	970	220	0.226804	0.226804
179	1462	462	0	0	0
180	1560	1560	332	0.212821	0.212821
181	1687	473	0	0	0
182	1610	0	0	0	0
183	1641	0	0	0	0
184	1468	1175	880	0.599455	0.748936
185	1727	1271	220	0.127389	0.173092
186	1303	0	0	0	0
187	1806	1806	420	0.232558	0.232558
188	1541	770	230	0.149254	0.298701
189	1564	100	0	0	0
190	672	204	0	0	0
191	1593	0	0	0	0
192	1004	209	0	0	0
193	1042	0	0	0	0
194	1800	153	0	0	0
195	1304	919	220	0.168712	0.239391
196	2487	2000	220	0.08846	0.11
197	1358	0	0	0	0
198	1264	0	0	0	0
199	1022	436	0	0	0
200	1992	1992	552	0.277108	0.277108
201	592	114	0	0	0
202	1904	0	0	0	0
203	1505	1095	220	0.146179	0.200913
204	1649	1649	598	0.362644	0.362644
205	1509	669	220	0.145792	0.328849
206	1762	848	128	0.0726447	0.150943
207	1712	724	4	0.00233645	0.00552486
208	1527	643	220	0.144073	0.342146
209	1153	1030	250	0.216826	0.242718
210	1355	562	0	0	0
211	1412	1412	440	0.311615	0.311615
212	1017	407	314	0.308751	0.771499
213	1255	877	440	0.350598	0.50171
214	1015	0	0	0	0
215	1562	0	0	0	0
216	1920	1920	220	0.114583	0.114583
217	1626	1363	660	0.405904	0.484226
218	932	932	1596	1.71245	1.71245
219	1340	0	0	0	0
220	1224	0	0	0	0
221	514	514	220	0.428016	0.428016
222	484	484	504	1.04132	1.04132
223	875	875	357	0.408	0.408
224	1024	0	0	0	0
225	720	720	191	0.265278	0.265278
226	2231	1000	220	0.0986105	0.22
227	1266	0	0	0	0
228	785	0	0	0	0
229	855	0	0	0	0
230	1638	0	0	0	0
231	1531	958	220	0.143697	0.229645
232	1009	327	0	0	0
233	1320	0	0	0	0
234	1421	1000	220	0.154821	0.22
235	560	560	2152	3.84286	3.84286
236	1021	1021	2342	2.29383	2.29383
237	1019	1019	4908	4.81649	4.81649
238	1822	1822	5452	2.99232	2.99232
239	1019	586	220	0.215898	0.375427
240	1703	1000	220	0.129184	0.22
241	1111	1111	265	0.238524	0.238524
242	614	0	0	0	0
243	742	742	152	0.204852	0.204852
244	1337	1015	220	0.164547	0.216749
245	1222	0	0	0	0
246	1551	551	0	0	0
247	1305	1305	291	0.222989	0.222989
248	1122	0	0	0	0
249	709	129	0	0	0
250	2028	0	0	0	0
251	1197	1197	220	0.183793	0.183793
252	1325	1325	3896	2.94038	2.94038
253	453	453	333	0.735099	0.735099
254	858	858	220	0.25641	0.25641
255	1405	804	0	0	0
256	751	0	0	0	0
257	663	663	3798	5.72851	5.72851
258	612	612	1162	1.89869	1.89869
259	1332	1332	252	0.189189	0.189189
260	1048	1048	1060	1.01145	1.01145
261	967	517	297	0.307135	0.574468
262	782	0	0	0	0
263	1164	1164	584	0.501718	0.501718
264	632	630	240	0.379747	0.380952
265	606	606	220	0.363036	0.363036
266	1105	0	0	0	0
267	1102	1000	440	0.399274	0.44
268	721	721	0	0	0
269	1898	1898	8685	4.57587	4.57587
270	1599	0	0	0	0
271	501	0	0	0	0
272	1588	406	0	0	0
273	909	73	0	0	0
274	613	166	6	0.00978793	0.0361446
275	816	0	0	0	0
276	321	0	0	0	0
277	648	648	84	0.12963	0.12963
278	609	0	0	0	0
279	1109	0	0	0	0
280	759	759	0	0	0
281	1545	1545	674	0.436246	0.436246
282	1367	1253	660	0.482809	0.526736
283	1602	1378	318	0.198502	0.230769
284	2211	0	0	0	0
285	524	524	0	0	0
286	1137	137	0	0	0
287	1449	1449	7734	5.33747	5.33747
288	1438	684	468	0.325452	0.684211
289	757	757	159	0.21004	0.21004
290	1473	1473	349	0.236931	0.236931
291	1117	0	0	0	0
292	720	378	0	0	0
293	778	778	660	0.848329	0.848329
294	1323	1323	420	0.31746	0.31746
295	1712	1508	3752	2.19159	2.48806
296	881	881	200	0.227015	0.227015
297	1258	258	98	0.0779014	0.379845
298	681	681	220	0.323054	0.323054
299	1898	213	73	0.0384615	0.342723
300	525	525	0	0	0
301	709	709	228	0.32158	0.32158
302	428	0	0	0	0
303	1045	360	0	0	0
304	700	0	0	0	0
305	705	705	2277	3.22979	3.22979
306	440	0	0	0	0
307	748	748	230	0.307487	0.307487
308	1355	819	1688	1.24576	2.06105
309	1819	348	220	0.120946	0.632184
310	1311	1311	220	0.167811	0.167811
311	770	770	0	0	0
312	704	32	0	0	0
313	1023	0	0	0	0
314	974	974	200	0.205339	0.205339
315	705	0	0	0	0
316	2149	2149	220	0.102373	0.102373
317	2976	1751	440	0.147849	0.251285
318	1200	1200	220	0.183333	0.183333
319	883	883	3520	3.98641	3.98641
320	902	621	220	0.243902	0.354267
321	1674	979	220	0.131422	0.224719
322	1127	951	220	0.195209	0.231335
323	714	714	660	0.92437	0.92437
324	521	0	0	0	0
325	1037	1037	6969	6.72035	6.72035
326	967	967	0	0	0
327	709	709	0	0	0
328	595	0	0	0	0
329	1133	1133	220	0.194175	0.194175
330	1453	453	0	0	0
331	1224	640	220	0.179739	0.34375
332	1606	1000	220	0.136986	0.22
333	1704	1704	880	0.516432	0.516432
334	1041	0	0	0	0
335	1046	1046	848	0.810707	0.810707
336	881	130	0	0	0
337	820	0	0	0	0
338	1260	0	0	0	0
339	1013	0	0	0	0
340	1454	1454	674	0.463549	0.463549
341	858	0	0	0	0
342	1690	480	580	0.343195	1.20833
343	889	386	0	0	0
344	1066	16	0	0	0
345	1215	0	0	0	0
346	1321	262	0	0	0
347	1012	1012	220	0.217391	0.217391
348	602	602	130	0.215947	0.215947
349	677	0	0	0	0
350	505	505	344	0.681188	0.681188
351	800	0	0	0	0
352	722	0	0	0	0
353	1564	0	0	0	0
354	1624	1529	440	0.270936	0.28777
355	615	615	0	0	0
356	1022	728	220	0.215264	0.302198
357	1810	47	0	0	0
358	1664	664	440	0.264423	0.662651
359	1020	515	0	0	0
360	969	200	0	0	0
361	847	0	0	0	0
362	1064	0	0	0	0
363	957	139	139	0.145246	1
364	1724	0	0	0	0
365	1713	1713	481	0.280794	0.280794
366	603	603	523	0.86733	0.86733
367	767	413	193	0.25163	0.467312
368	781	0	0	0	0
369	1024	1024	220	0.214844	0.214844
370	772	640	440	0.569948	0.6875
371	938	0	0	0	0
372	872	0	0	0	0
373	929	721	61	0.065662	0.0846047
374	556	556	7838	14.0971	14.0971
375	526	526	0	0	0
376	824	0	0	0	0
377	986	0	0	0	0
378	1173	1173	821	0.699915	0.699915
379	1401	1401	944	0.673804	0.673804
380	2748	1609	660	0.240175	0.410193
381	2170	1000	220	0.101382	0.22
382	1687	0	0	0	0
383	2166	0	0	0	0
384	1431	1431	311	0.217331	0.217331
385	531	531	9716	18.2976	18.2976
386	3237	2237	737	0.22768	0.329459
387	731	731	220	0.300958	0.300958
388	758	0	0	0	0
389	1876	0	0	0	0
390	992	992	1238	1.24798	1.24798
391	703	703	1589	2.26031	2.26031
392	704	140	0	0	0
393	643	0	0	0	0
394	811	0	0	0	0
395	654	0	0	0	0
396	999	0	0	0	0
397	1089	1089	0	0	0
398	905	905	660	0.729282	0.729282
399	786	0	0	0	0
400	751	0	0	0	0
401	898	0	0	0	0
402	1418	418	0	0	0
403	1158	0	0	0	0
404	964	964	345	0.357884	0.357884
405	1015	0	0	0	0
406	866	866	220	0.254042	0.254042
407	850	0	0	0	0
408	945	0	0	0	0
409	850	0	0	0	0
410	1062	0	0	0	0
411	733	251	0	0	0
412	971	449	0	0	0
413	632	632	202	0.31962	0.31962
414	721	686	346	0.479889	0.504373
415	1101	675	440	0.399637	0.651852
416	1148	608	220	0.191638	0.361842
417	1113	1113	49	0.0440252	0.0440252
418	607	0	0	0	0
419	838	838	10142	12.1026	12.1026
420	641	641	567	0.884555	0.884555
421	906	906	1080	1.19205	1.19205
422	1075	1075	2365	2.2	2.2
423	854	854	379	0.443794	0.443794
424	514	0	0	0	0
425	1754	1754	5200	2.96465	2.96465
426	1213	621	220	0.181369	0.354267
427	605	605	637	1.05289	1.05289
428	1275	1275	220	0.172549	0.172549
429	739	739	659	0.891746	0.891746
430	1056	1056	577	0.546402	0.546402
431	557	557	367	0.658887	0.658887
432	653	653	514	0.787136	0.787136
433	562	562	286	0.508897	0.508897
434	503	503	0	0	0
435	639	633	220	0.344288	0.347551
436	1036	0	0	0	0
437	554	0	0	0	0
438	1199	1199	660	0.550459	0.550459
439	549	549	220	0.400729	0.400729
440	2100	1600	220	0.104762	0.1375
441	512	506	220	0.429688	0.434783
442	801	597	220	0.274657	0.368509
443	599	599	0	0	0
444	513	513	138	0.269006	0.269006
445	1637	0	0	0	0
446	1200	1200	667	0.555833	0.555833
447	850	850	560	0.658824	0.658824
448	349	349	206	0.590258	0.590258
449	699	699	1909	2.73104	2.73104
450	1301	1301	16020	12.3136	12.3136
451	374	374	2280	6.09626	6.09626
452	899	0	0	0	0
453	899	899	440	0.489433	0.489433
454	900	900	152	0.168889	0.168889
455	1238	1238	420	0.339257	0.339257
456	899	899	2681	2.9822	2.9822
457	717	0	0	0	0
458	627	106	0	0	0
459	2086	1785	440	0.21093	0.246499
460	2333	333	133	0.0570081	0.399399
461	2171	0	0	0	0
462	2123	1847	440	0.207254	0.238224
463	1575	1575	958	0.608254	0.608254
464	1487	561	220	0.147949	0.392157
465	2015	1015	220	0.109181	0.216749
466	1193	299	0	0	0
467	1578	1578	440	0.278834	0.278834
468	1121	1015	220	0.196253	0.216749
469	1114	1114	220	0.197487	0.197487
470	1414	907	0	0	0
471	2170	2170	1059	0.488018	0.488018
472	1031	0	0	0	0
473	1435	0	0	0	0
474	1279	619	439	0.343237	0.709208
475	1426	1426	220	0.154278	0.154278
476	1752	217	0	0	0
477	1576	0	0	0	0
478	1069	276	196	0.183349	0.710145
479	1965	1965	660	0.335878	0.335878
480	1053	373	153	0.145299	0.410188
481	1730	1000	220	0.127168	0.22
482	1022	0	0	0	0
483	1720	0	0	0	0
484	907	907	220	0.242558	0.242558
485	894	894	220	0.246085	0.246085
486	1059	569	149	0.140699	0.261863
487	1103	198	0	0	0
488	784	0	0	0	0
489	2382	0	0	0	0
490	2220	1742	220	0.0990991	0.126292
491	1409	1000	220	0.156139	0.22
492	834	834	0	0	0
493	1296	1000	440	0.339506	0.44
494	1848	1744	440	0.238095	0.252294
495	1357	1048	220	0.162122	0.209924
496	995	0	0	0	0
497	1285	1285	2125	1.6537	1.6537
498	977	977	67	0.0685773	0.0685773
499	1883	326	220	0.116835	0.674847
500	1308	0	0	0	0
501	1097	0	0	0	0
502	1409	883	220	0.156139	0.249151
503	1479	1000	220	0.148749	0.22
504	929	0	0	0	0
505	1088	1013	220	0.202206	0.217177
506	1480	0	0	0	0
507	1093	0	0	0	0
508	1022	1022	220	0.215264	0.215264
509	776	0	0	0	0
510	1141	0	0	0	0
511	2303	398	0	0	0
512	681	0	0	0	0
513	1006	0	0	0	0
514	1080	645	0	0	0
515	904	904	220	0.243363	0.243363
516	1365	179	0	0	0
517	1334	0	0	0	0
518	1635	0	0	0	0
519	1008	0	0	0	0
520	1235	1000	440	0.356275	0.44
521	1322	1322	37	0.0279879	0.0279879
522	1142	0	0	0	0
523	1334	818	58	0.0434783	0.0709046
524	1677	1677	220	0.131187	0.131187
525	1025	780	220	0.214634	0.282051
526	1136	0	0	0	0
527	1307	181	1	0.000765111	0.00552486
528	1053	1053	220	0.208927	0.208927
529	873	873	220	0.252005	0.252005
530	1276	276	0	0	0
531	977	949	440	0.450358	0.463646
532	1891	0	0	0	0
533	1305	1000	440	0.337165	0.44
534	1798	802	144	0.080089	0.179551
535	1143	1143	220	0.192476	0.192476
536	855	855	0	0	0
537	1653	1653	3630	2.19601	2.19601
538	838	476	220	0.26253	0.462185
539	811	811	220	0.27127	0.27127
540	1628	812	92	0.0565111	0.1133
541	1356	1356	220	0.162242	0.162242
542	1096	648	220	0.20073	0.339506
543	1055	687	220	0.208531	0.320233
544	1472	1472	440	0.298913	0.298913
545	1676	1370	640	0.381862	0.467153
546	743	0	0	0	0
547	944	144	0	0	0
548	924	924	292	0.316017	0.316017
549	1450	1446	220	0.151724	0.152144
550	1350	1350	1879	1.39185	1.39185
551	768	0	0	0	0
552	503	503	4273	8.49503	8.49503
553	1123	0	0	0	0
554	1223	1223	440	0.359771	0.359771
555	1644	1644	880	0.53528	0.53528
556	872	872	558	0.639908	0.639908
557	581	581	450	0.774527	0.774527
558	1375	1375	200	0.145455	0.145455
559	1656	476	0	0	0
560	759	0	0	0	0
561	1660	963	183	0.110241	0.190031
562	1137	1137	303	0.266491	0.266491
563	1451	993	220	0.15162	0.221551
564	1377	813	493	0.358025	0.606396
565	1059	789	769	0.726157	0.974651
566	1259	0	0	0	0
567	883	0	0	0	0
568	949	635	220	0.231823	0.346457
569	950	430	420	0.442105	0.976744
570	1287	147	0	0	0
571	1049	950	220	0.209724	0.231579
572	1246	386	166	0.133226	0.430052
573	902	902	56	0.0620843	0.0620843
574	1154	1154	200	0.17331	0.17331
575	1049	0	0	0	0
576	1331	1279	440	0.330579	0.344019
577	1003	1003	440	0.438684	0.438684
578	1384	0	0	0	0
579	1359	1359	220	0.161884	0.161884
580	1160	1160	306	0.263793	0.263793
581	1614	0	0	0	0
582	958	0	0	0	0
583	1727	0	0	0	0
584	1141	964	704	0.617003	0.73029
585	1243	867	660	0.530973	0.761246
586	748	236	176	0.235294	0.745763
587	1859	0	0	0	0
588	1250	0	0	0	0
589	1657	696	96	0.057936	0.137931
590	1762	0	0	0	0
591	1148	389	0	0	0
592	1086	1086	97	0.0893186	0.0893186
593	798	798	520	0.651629	0.651629
594	784	784	220	0.280612	0.280612
595	964	0	0	0	0
596	1207	0	0	0	0
597	809	809	200	0.247219	0.247219
598	1014	143	0	0	0
599	992	0	0	0	0
600	929	0	0	0	0
601	1233	1233	880	0.713706	0.713706
602	1247	1047	220	0.176423	0.210124
603	1279	192	152	0.118843	0.791667
604	1074	1074	220	0.204842	0.204842
605	1153	962	220	0.190807	0.22869
606	1273	959	219	0.172035	0.228363
607	1117	0	0	0	0
608	1041	1041	476	0.457253	0.457253
609	1242	1242	230	0.185185	0.185185
610	1141	448	0	0	0
611	1106	836	1076	0.972875	1.28708
612	1718	175	15	0.00873108	0.0857143
613	1101	1101	128	0.116258	0.116258
614	1118	658	0	0	0
615	1015	0	0	0	0
616	1382	532	0	0	0
617	847	847	8	0.0094451	0.0094451
618	918	165	0	0	0
619	1254	0	0	0	0
620	1213	332	132	0.108821	0.39759
621	1540	1299	220	0.142857	0.169361
622	1321	0	0	0	0
623	1313	223	0	0	0
624	1065	0	0	0	0
625	875	416	0	0	0
626	1017	455	0	0	0
627	973	613	220	0.226105	0.358891
628	1350	484	0	0	0
629	677	0	0	0	0
630	1299	0	0	0	0
631	821	0	0	0	0
632	971	149	0	0	0
633	652	0	0	0	0
634	1191	1191	351	0.29471	0.29471
635	665	665	1050	1.57895	1.57895
636	1065	1065	398	0.373709	0.373709
637	1187	0	0	0	0
638	1229	351	0	0	0
639	742	0	0	0	0
640	1137	1132	440	0.386983	0.388693
641	1330	0	0	0	0
642	1040	0	0	0	0
643	1221	1221	383	0.313677	0.313677
644	1332	0	0	0	0
645	1630	0	0	0	0
646	769	49	0	0	0
647	943	0	0	0	0
648	1183	1183	220	0.185968	0.185968
649	1461	449	89	0.0609172	0.198218
650	1285	875	235	0.182879	0.268571
651	799	719	440	0.550688	0.611961
652	932	0	0	0	0
653	1143	1143	96	0.0839895	0.0839895
654	857	552	0	0	0
655	1077	1077	6595	6.12349	6.12349
656	1065	871	220	0.206573	0.252583
657	1174	969	440	0.374787	0.454076
658	1329	927	220	0.165538	0.237325
659	907	0	0	0	0
660	901	842	220	0.244173	0.261283
661	903	0	0	0	0
662	1370	1370	23	0.0167883	0.0167883
663	1058	575	220	0.20794	0.382609
664	974	974	98	0.100616	0.100616
665	1272	498	410	0.322327	0.823293
666	1075	1075	0	0	0
667	1160	1023	220	0.189655	0.215054
668	1270	1270	128	0.100787	0.100787
669	1096	317	117	0.106752	0.369085
670	786	786	75	0.0954198	0.0954198
671	1524	1524	440	0.288714	0.288714
672	1138	0	0	0	0
673	1022	0	0	0	0
674	1088	0	0	0	0
675	856	856	1218	1.4229	1.4229
676	1237	1237	217	0.175424	0.175424
677	1067	455	35	0.0328022	0.0769231
678	729	729	440	0.603567	0.603567
679	1284	1284	440	0.342679	0.342679
680	2141	1393	220	0.102756	0.157933
681	1179	1179	239	0.202714	0.202714
682	1084	590	220	0.202952	0.372881
683	1231	1191	220	0.178716	0.184719
684	1877	934	14	0.00745871	0.0149893
685	1421	0	0	0	0
686	1041	682	220	0.211335	0.322581
687	976	0	0	0	0
688	1185	636	220	0.185654	0.345912
689	1589	1148	220	0.138452	0.191638
690	914	0	0	0	0
691	1234	0	0	0	0
692	1050	0	0	0	0
693	857	0	0	0	0
694	1576	0	0	0	0
695	688	0	0	0	0
696	1696	209	0	0	0
697	1512	1435	220	0.145503	0.15331
698	1192	1192	220	0.184564	0.184564
699	1107	377	0	0	0
700	1195	1195	220	0.1841	0.1841
701	810	156	0	0	0
702	1545	1545	19792	12.8104	12.8104
703	1006	0	0	0	0
704	634	0	0	0	0
705	1399	868	220	0.157255	0.253456
706	1301	1301	220	0.169101	0.169101
707	902	766	326	0.361419	0.425587
708	1113	1113	293	0.263252	0.263252
709	1134	1134	22934	20.224	20.224
710	1661	1661	1520	0.915111	0.915111
711	1101	0	0	0	0
712	1117	592	124	0.111012	0.209459
713	1685	0	0	0	0
714	1331	0	0	0	0
715	1610	1000	220	0.136646	0.22
716	904	431	0	0	0
717	670	670	220	0.328358	0.328358
718	930	930	339	0.364516	0.364516
719	1279	98	0	0	0
720	928	507	220	0.237069	0.433925
721	1500	493	0	0	0
722	1283	0	0	0	0
723	776	0	0	0	0
724	686	0	0	0	0
725	895	204	0	0	0
726	1297	0	0	0	0
727	975	0	0	0	0
728	1313	945	25	0.0190404	0.026455
729	886	366	366	0.413093	1
730	1119	1119	220	0.196604	0.196604
731	1091	0	0	0	0
732	1197	89	49	0.0409357	0.550562
733	1274	1274	3902	3.06279	3.06279
734	803	217	117	0.145704	0.539171
735	785	785	68	0.0866242	0.0866242
736	973	64	0	0	0
737	1226	201	81	0.0660685	0.402985
738	841	841	171	0.203329	0.203329
739	941	500	120	0.127524	0.24
740	1028	791	220	0.214008	0.278129
741	1283	0	0	0	0
742	1740	0	0	0	0
743	870	0	0	0	0
744	849	0	0	0	0
745	1143	1143	220	0.192476	0.192476
746	1591	1591	220	0.138278	0.138278
747	1401	1401	295	0.210564	0.210564
748	1071	1071	1373	1.28198	1.28198
749	2019	2019	220	0.108965	0.108965
750	1122	0	0	0	0
751	1041	0	0	0	0
752	993	756	176	0.177241	0.232804
753	1098	0	0	0	0
754	947	789	220	0.232313	0.278834
755	715	715	0	0	0
756	615	0	0	0	0
757	1400	1400	2911	2.07929	2.07929
758	981	981	440	0.448522	0.448522
759	983	0	0	0	0
760	673	673	952	1.41456	1.41456
761	824	824	0	0	0
762	1240	0	0	0	0
763	1006	0	0	0	0
764	1043	512	220	0.21093	0.429688
765	949	0	0	0	0
766	1158	963	220	0.189983	0.228453
767	1288	1288	220	0.170807	0.170807
768	955	0	0	0	0
769	970	529	149	0.153608	0.281664
770	840	23	0	0	0
771	1436	0	0	0	0
772	1697	0	0	0	0
773	1750	0	0	0	0
774	1600	1600	440	0.275	0.275
775	818	432	0	0	0
776	1016	1016	880	0.866142	0.866142
777	1283	0	0	0	0
778	1280	0	0	0	0
779	1707	1707	1664	0.97481	0.97481
780	1906	1906	660	0.346275	0.346275
781	951	519	0	0	0
782	1400	809	220	0.157143	0.271941
783	1132	473	93	0.0821555	0.196617
784	1612	1612	220	0.136476	0.136476
785	2442	2442	1132	0.463554	0.463554
786	1323	985	220	0.166289	0.22335
787	1670	1503	220	0.131737	0.146374
788	1466	1466	21972	14.9877	14.9877
789	1559	776	220	0.141116	0.283505
790	1832	527	387	0.211245	0.734345
791	888	888	81	0.0912162	0.0912162
792	2258	2258	277	0.122675	0.122675
793	1718	1195	220	0.128056	0.1841
794	1707	1707	461	0.270064	0.270064
795	2291	2291	962	0.419904	0.419904
796	1208	877	614	0.508278	0.700114
797	1613	0	0	0	0
798	1604	0	0	0	0
799	1818	0	0	0	0
800	1277	545	220	0.172279	0.40367
801	1909	909	220	0.115244	0.242024
802	1409	24	0	0	0
803	774	774	324	0.418605	0.418605
804	518	518	188	0.362934	0.362934
805	1052	1052	220	0.209125	0.209125
806	975	458	1568	1.60821	3.42358
807	1608	0	0	0	0
808	1382	489	220	0.15919	0.449898
809	998	0	0	0	0
810	774	386	0	0	0
811	930	214	0	0	0
812	986	813	73	0.0740365	0.0897909
813	1449	963	220	0.151829	0.228453
814	1337	767	220	0.164547	0.286832
815	1425	0	0	0	0
816	868	868	197	0.226959	0.226959
817	765	194	0	0	0
818	577	0	0	0	0
819	1012	643	220	0.217391	0.342146
820	1309	28	0	0	0
821	711	0	0	0	0
822	2093	1000	220	0.105112	0.22
823	1632	895	1095	0.670956	1.22346
824	2570	13	0	0	0
825	2367	1367	440	0.185889	0.321873
826	1669	0	0	0	0
827	1827	827	220	0.120416	0.266022
828	1171	0	0	0	0
829	1416	464	220	0.155367	0.474138
830	1665	975	275	0.165165	0.282051
831	1694	1694	1303	0.769185	0.769185
832	2860	88	0	0	0
833	1177	1177	220	0.186916	0.186916
834	2276	1000	220	0.0966608	0.22
835	1419	1419	253	0.178295	0.178295
836	1872	0	0	0	0
837	1006	644	220	0.218688	0.341615
838	1405	874	220	0.156584	0.251716
839	1272	1272	420	0.330189	0.330189
840	1919	1000	440	0.229286	0.44
841	2214	812	220	0.0993677	0.270936
842	1470	957	0	0	0
843	1236	0	0	0	0
844	1140	1140	2060	1.80702	1.80702
845	1404	1167	347	0.247151	0.297344
846	1866	1866	312	0.167203	0.167203
847	1634	1439	440	0.269278	0.305768
848	1467	0	0	0	0
849	1488	934	220	0.147849	0.235546
850	1461	269	0	0	0
851	1473	0	0	0	0
852	1753	490	0	0	0
853	1279	25	0	0	0
854	1975	0	0	0	0
855	1912	1000	220	0.115063	0.22
856	1246	1246	220	0.176565	0.176565
857	1493	523	383	0.25653	0.732314
858	2030	876	220	0.108374	0.251142
859	1395	0	0	0	0
860	1141	0	0	0	0
861	1442	1442	245	0.169903	0.169903
862	1312	1312	556	0.42378	0.42378
863	1240	1240	220	0.177419	0.177419
864	1424	692	220	0.154494	0.317919
865	1711	1711	2236	1.30684	1.30684
866	1492	1492	660	0.442359	0.442359
867	1434	434	394	0.274756	0.907834
868	1434	1058	738	0.514644	0.697543
869	1889	0	0	0	0
870	1447	724	0	0	0
871	986	0	0	0	0
872	1356	0	0	0	0
873	1605	1605	440	0.274143	0.274143
874	758	758	220	0.290237	0.290237
875	1635	1097	220	0.134557	0.200547
876	1815	204	0	0	0
877	1552	1552	748	0.481959	0.481959
878	2169	1000	220	0.101429	0.22
879	1318	662	0	0	0
880	1378	880	140	0.101597	0.159091
881	1805	0	0	0	0
882	1361	1270	440	0.323292	0.346457
883	1957	758	418	0.213592	0.551451
884	1602	1332	444	0.277154	0.333333
885	1847	1847	2742	1.48457	1.48457
886	1438	1372	440	0.305981	0.3207
887	1525	1525	988	0.647869	0.647869
888	1344	800	0	0	0
889	1176	1176	4086	3.47449	3.47449
890	1343	1343	440	0.327625	0.327625
891	1631	1631	440	0.269773	0.269773
892	1564	0	0	0	0
893	2109	1912	440	0.20863	0.230126
894	1301	754	440	0.338201	0.583554
895	786	186	0	0	0
896	1190	1190	1630	1.36975	1.36975
897	1406	1406	394	0.280228	0.280228
898	1310	0	0	0	0
899	1302	83	0	0	0
900	1557	92	0	0	0
901	1639	1372	220	0.134228	0.16035
902	1274	1000	220	0.172684	0.22
903	1468	1468	660	0.449591	0.449591
904	2067	179	0	0	0
905	1535	1278	278	0.181107	0.217527
906	2776	476	0	0	0
907	1307	0	0	0	0
908	940	940	82	0.087234	0.087234
909	2982	2844	440	0.147552	0.154712
910	1514	509	0	0	0
911	1276	0	0	0	0
912	1598	1598	1725	1.07947	1.07947
913	1408	1408	9261	6.57741	6.57741
914	1377	0	0	0	0
915	1356	265	0	0	0
916	1303	403	0	0	0
917	878	607	220	0.250569	0.362438
918	1342	970	220	0.163934	0.226804
919	1758	0	0	0	0
920	2058	0	0	0	0
921	1504	0	0	0	0
922	1123	724	0	0	0
923	2672	1757	220	0.0823353	0.125213
924	2026	0	0	0	0
925	2016	0	0	0	0
926	2482	0	0	0	0
927	1969	969	603	0.306247	0.622291
928	1270	306	0	0	0
929	1111	0	0	0	0
930	1682	639	220	0.130797	0.344288
931	877	877	379	0.432155	0.432155
932	1201	0	0	0	0
933	1467	888	220	0.149966	0.247748
934	1430	905	220	0.153846	0.243094
935	1497	1053	440	0.293921	0.417854
936	1491	672	292	0.195842	0.434524
937	1248	1038	276	0.221154	0.265896
938	1162	835	220	0.189329	0.263473
939	1408	1271	220	0.15625	0.173092
940	1335	1333	440	0.329588	0.330083
941	1831	1481	660	0.360459	0.445645
942	1358	1358	440	0.324006	0.324006
943	1054	702	0	0	0
944	2567	567	220	0.0857032	0.388007
945	1016	174	0	0	0
946	1397	1397	248	0.177523	0.177523
947	999	999	1311	1.31231	1.31231
948	1382	0	0	0	0
949	1664	924	220	0.132212	0.238095
950	1363	946	220	0.161409	0.232558
951	1120	0	0	0	0
952	1239	795	220	0.177563	0.27673
953	1995	903	440	0.220551	0.487265
954	1863	1863	640	0.343532	0.343532
955	1408	0	0	0	0
956	1261	0	0	0	0
957	1311	810	440	0.335622	0.54321
958	1982	0	0	0	0
959	1295	158	118	0.0911197	0.746835
960	825	825	0	0	0
961	1351	0	0	0	0
962	1330	1179	219	0.164662	0.185751
963	1196	1027	147	0.12291	0.143135
964	1417	1417	711	0.501764	0.501764
965	1129	0	0	0	0
966	1736	265	0	0	0
967	1286	712	440	0.342146	0.617978
968	1045	775	115	0.110048	0.148387
969	1875	0	0	0	0
970	1189	0	0	0	0
971	2608	1601	660	0.253067	0.412242
972	1448	1448	371	0.256215	0.256215
973	1952	1000	220	0.112705	0.22
974	1099	734	220	0.200182	0.299728
975	1797	797	220	0.122426	0.276035
976	1271	0	0	0	0
977	1263	522	220	0.174188	0.421456
978	1804	1000	220	0.121951	0.22
979	1316	0	0	0	0
980	1372	0	0	0	0
981	1937	0	0	0	0
982	1137	0	0	0	0
983	1832	1832	220	0.120087	0.120087
984	1159	159	0	0	0
985	1231	1231	308	0.250203	0.250203
986	1209	1209	5400	4.4665	4.4665
987	1887	0	0	0	0
988	1334	792	220	0.164918	0.277778
989	1649	1449	220	0.133414	0.151829
990	933	393	0	0	0
991	2437	445	220	0.0902749	0.494382
992	2753	1000	220	0.0799128	0.22
993	1677	674	0	0	0
994	1285	0	0	0	0
995	1331	0	0	0	0
996	1468	961	181	0.123297	0.188345
997	1263	1263	0	0	0
998	1967	0	0	0	0
999	1343	1343	803	0.597915	0.597915
1000	1340	1137	537	0.400746	0.472296
1001	1164	0	0	0	0
1002	2860	1686	220	0.0769231	0.130486
1003	2014	469	0	0	0
1004	810	810	435	0.537037	0.537037
1005	1329	1329	220	0.165538	0.165538
1006	2507	1626	440	0.175509	0.270603
1007	1402	1402	422	0.300999	0.300999
1008	1287	1287	220	0.17094	0.17094
1009	1774	1000	420	0.236753	0.42
1010	2056	453	0	0	0
1011	1800	1000	220	0.122222	0.22
1012	1356	513	0	0	0
1013	1452	1452	872	0.600551	0.600551
1014	1313	657	220	0.167555	0.334855
1015	2351	396	440	0.187154	1.11111
1016	846	0	0	0	0
1017	1851	682	244	0.131821	0.357771
1018	1250	1242	420	0.336	0.338164
1019	996	53	0	0	0
1020	1328	349	189	0.142319	0.541547
1021	1174	174	0	0	0
1022	1289	427	27	0.0209465	0.0632319
1023	1358	1257	220	0.162003	0.17502
1024	1333	115	0	0	0
1025	1209	1209	809	0.669148	0.669148
1026	1287	0	0	0	0
1027	665	665	43	0.0646617	0.0646617
1028	1385	803	220	0.158845	0.273973
1029	1106	836	692	0.625678	0.827751
1030	1221	910	0	0	0
1031	2465	2004	264	0.107099	0.131737
1032	1412	1412	220	0.155807	0.155807
1033	2671	2281	440	0.164732	0.192898
1034	1309	1309	320	0.244461	0.244461
1035	1286	1286	220	0.171073	0.171073
1036	1194	0	0	0	0
1037	1333	1333	398	0.298575	0.298575
1038	1229	643	220	0.179007	0.342146
1039	2159	0	0	0	0
1040	1470	1470	1169	0.795238	0.795238
1041	1392	461	220	0.158046	0.477223
1042	1229	921	220	0.179007	0.238871
1043	1299	1299	220	0.169361	0.169361
1044	2164	0	0	0	0
1045	2573	1573	220	0.0855033	0.13986
1046	1313	714	440	0.33511	0.616246
1047	1507	0	0	0	0
1048	1729	1729	1158	0.669751	0.669751
1049	1415	511	71	0.0501767	0.138943
1050	1072	1072	220	0.205224	0.205224
1051	1447	145	0	0	0
1052	1489	959	220	0.14775	0.229406
1053	1459	459	0	0	0
1054	2372	0	0	0	0
1055	1151	1151	844	0.733275	0.733275
1056	1027	647	220	0.214216	0.340031
1057	1147	0	0	0	0
1058	1760	436	96	0.0545455	0.220183
1059	956	956	541	0.5659	0.5659
1060	1285	1000	220	0.171206	0.22
1061	1110	224	0	0	0
1062	1089	0	0	0	0
1063	1401	943	220	0.157031	0.233298
1064	1345	173	0	0	0
1065	535	535	0	0	0
1066	1452	0	0	0	0
1067	2024	58	0	0	0
1068	949	213	0	0	0
1069	1126	1126	660	0.586146	0.586146
1070	1517	1517	660	0.435069	0.435069
1071	1111	1010	50	0.0450045	0.049505
1072	1701	0	0	0	0
1073	640	416	0	0	0
1074	954	856	196	0.205451	0.228972
1075	1047	171	0	0	0
1076	1077	1077	214	0.1987	0.1987
1077	800	800	79	0.09875	0.09875
1078	1135	1135	0	0	0
1079	1021	88	0	0	0
1080	1773	970	200	0.112803	0.206186
1081	1551	0	0	0	0
1082	894	894	318	0.355705	0.355705
1083	2258	2258	440	0.194863	0.194863
1084	2613	2613	1130	0.432453	0.432453
1085	1703	0	0	0	0
1086	1314	478	220	0.167428	0.460251
1087	1809	0	0	0	0
1088	1660	1660	1060	0.638554	0.638554
1089	1066	498	0	0	0
1090	1546	1546	440	0.284605	0.284605
1091	1172	1172	1144	0.976109	0.976109
1092	1405	1405	327	0.23274	0.23274
1093	2103	1885	665	0.316215	0.352785
1094	1126	366	0	0	0
1095	1256	1256	220	0.175159	0.175159
1096	652	301	0	0	0
1097	1240	0	0	0	0
1098	2275	1275	175	0.0769231	0.137255
1099	3233	1000	440	0.136097	0.44
1100	2768	1000	220	0.0794798	0.22
1101	4012	2687	1080	0.269192	0.401935
1102	2776	0	0	0	0
1103	1640	0	0	0	0
1104	2385	1639	440	0.184486	0.268456
1105	3160	3160	2200	0.696203	0.696203
1106	2395	2000	420	0.175365	0.21
1107	1769	1769	660	0.373092	0.373092
1108	2339	1000	440	0.188115	0.44
1109	1764	47	0	0	0
1110	3214	2546	640	0.199129	0.251375
1111	1651	0	0	0	0
1112	2282	1099	179	0.07844	0.162875
1113	2638	1638	880	0.333586	0.537241
1114	2280	734	0	0	0
1115	2240	1240	334	0.149107	0.269355
1116	2039	2039	440	0.215792	0.215792
1117	2180	0	0	0	0
1118	3022	1134	220	0.0727995	0.194004
1119	2379	2097	1077	0.452711	0.513591
1120	2422	1636	440	0.181668	0.268949
1121	3923	3923	1540	0.392557	0.392557
1122	1450	1450	440	0.303448	0.303448
1123	993	860	100	0.100705	0.116279
1124	2148	1728	440	0.204842	0.25463
1125	2092	2000	440	0.210325	0.22
1126	2353	226	0	0	0
1127	3058	0	0	0	0
1128	2479	1255	220	0.0887455	0.175299
1129	2813	1000	220	0.0782083	0.22
1130	2049	1038	220	0.107369	0.211946
1131	1252	0	0	0	0
1132	1405	1405	489	0.348043	0.348043
1133	3424	2895	375	0.109521	0.129534
1134	2386	2386	880	0.368818	0.368818
1135	1661	1661	440	0.264901	0.264901
1136	3113	1976	440	0.141343	0.222672
1137	3107	2107	660	0.212424	0.313242
1138	3609	3572	440	0.121917	0.12318
1139	1531	0	0	0	0
1140	2354	0	0	0	0
1141	2174	2174	326	0.149954	0.149954
1142	2405	1115	435	0.180873	0.390135
1143	3100	1930	1050	0.33871	0.544041
1144	2755	2755	710	0.257713	0.257713
1145	2414	2414	1014	0.42005	0.42005
1146	2862	1000	220	0.0768693	0.22
1147	3678	2677	1980	0.538336	0.739634
1148	1772	1637	420	0.23702	0.256567
1149	1911	0	0	0	0
1150	1394	310	0	0	0
1151	977	977	286	0.292733	0.292733
1152	1571	1000	220	0.140038	0.22
1153	2793	1630	220	0.0787683	0.134969
1154	2057	0	0	0	0
1155	2858	1265	445	0.155703	0.351779
1156	4020	967	267	0.0664179	0.276112
1157	2281	1281	220	0.0964489	0.171741
1158	2025	695	220	0.108642	0.316547
1159	1879	1776	220	0.117084	0.123874
1160	1461	0	0	0	0
1161	2107	625	220	0.104414	0.352
1162	1926	0	0	0	0
1163	2653	849	220	0.082925	0.259128
1164	2598	2000	660	0.254042	0.33
1165	1958	1172	220	0.11236	0.187713
1166	2158	2158	1451	0.672382	0.672382
1167	2182	1000	220	0.100825	0.22
1168	4279	3504	1320	0.308483	0.376712
1169	2860	1257	220	0.0769231	0.17502
1170	1217	60	0	0	0
1171	2226	2226	1060	0.47619	0.47619
1172	1586	1586	220	0.138714	0.138714
1173	2959	0	0	0	0
1174	2709	1656	440	0.162422	0.2657
1175	3219	866	220	0.0683442	0.254042
1176	2539	2539	1520	0.598661	0.598661
1177	1760	1323	220	0.125	0.166289
1178	2168	952	220	0.101476	0.231092
1179	2447	271	151	0.0617082	0.557196
1180	1387	0	0	0	0
1181	1585	544	0	0	0
1182	1182	0	0	0	0
1183	912	912	557	0.610746	0.610746
1184	972	972	4966	5.10905	5.10905
1185	1762	1762	880	0.499432	0.499432
1186	1769	0	0	0	0
1187	2200	0	0	0	0
1188	1467	1467	2637	1.79755	1.79755
1189	2014	1890	220	0.109235	0.116402
1190	1284	0	0	0	0
1191	2177	1000	220	0.101056	0.22
1192	1929	955	215	0.111457	0.225131
1193	2868	2868	220	0.0767085	0.0767085
1194	1584	850	220	0.138889	0.258824
1195	2801	1118	220	0.0785434	0.19678
1196	4611	3944	2200	0.47712	0.557809
1197	2396	2396	828	0.345576	0.345576
1198	2582	0	0	0	0
1199	1085	560	0	0	0
1200	1647	0	0	0	0
1201	2014	1555	220	0.109235	0.141479
1202	2382	0	0	0	0
1203	2647	0	0	0	0
1204	2683	2079	358	0.133433	0.172198
1205	2205	0	0	0	0
1206	3632	3632	4987	1.37307	1.37307
1207	1464	1236	452	0.308743	0.365696
1208	4695	695	220	0.0468584	0.316547
1209	3026	3026	440	0.145406	0.145406
1210	1274	1170	290	0.22763	0.247863
1211	2475	1000	880	0.355556	0.88
1212	1973	1973	755	0.382666	0.382666
1213	1720	0	0	0	0
1214	2652	482	0	0	0
1215	1623	1623	440	0.271103	0.271103
1216	3806	2000	220	0.0578035	0.11
1217	3253	2253	239	0.0734706	0.106081
1218	2811	0	0	0	0
1219	3248	2000	440	0.135468	0.22
1220	2173	944	484	0.222734	0.512712
1221	3541	2000	440	0.124259	0.22
1222	3056	2359	1320	0.431937	0.559559
1223	1299	768	440	0.338722	0.572917
1224	2888	370	220	0.0761773	0.594595
1225	2220	1000	220	0.0990991	0.22
1226	2384	1754	440	0.184564	0.250855
1227	1717	1717	551	0.320909	0.320909
1228	2545	2545	660	0.259332	0.259332
1229	2758	1301	220	0.0797679	0.169101
1230	2775	1053	640	0.230631	0.607787
1231	1024	341	41	0.0400391	0.120235
1232	2879	1987	447	0.155262	0.224962
1233	1590	460	0	0	0
1234	2574	1998	18598	7.22533	9.30831
1235	1485	346	0	0	0
1236	1823	1171	220	0.12068	0.187874
1237	2699	1540	220	0.0815117	0.142857
1238	1767	1675	535	0.302773	0.319403
1239	3067	1067	561	0.182915	0.525773
1240	3780	3780	1320	0.349206	0.349206
1241	2300	1300	280	0.121739	0.215385
1242	1622	911	220	0.135635	0.241493
1243	1638	87	0	0	0
1244	2341	976	440	0.187954	0.45082
1245	1936	1888	660	0.340909	0.349576
1246	3193	1377	640	0.200438	0.464779
1247	3407	2000	440	0.129146	0.22
1248	2812	2459	860	0.305832	0.349736
1249	2626	730	0	0	0
1250	2447	2447	227	0.0927667	0.0927667
1251	1520	1520	880	0.578947	0.578947
1252	2006	1367	220	0.109671	0.160936
1253	4081	4081	2860	0.700809	0.700809
1254	1989	1470	220	0.110608	0.14966
1255	3432	3132	1060	0.308858	0.338442
1256	2328	2000	420	0.180412	0.21
1257	2858	1395	440	0.153954	0.315412
1258	1947	1153	220	0.112994	0.190807
1259	1679	0	0	0	0
1260	1671	1671	198	0.118492	0.118492
1261	1888	1000	440	0.233051	0.44
1262	2973	2891	880	0.295997	0.304393
1263	1767	1767	220	0.124505	0.124505
1264	3004	2266	440	0.146471	0.194175
1265	3220	3000	640	0.198758	0.213333
1266	2246	1000	220	0.0979519	0.22
1267	2089	1336	220	0.105314	0.164671
1268	2806	6	0	0	0
1269	2618	2000	880	0.336134	0.44
1270	3716	3530	880	0.236814	0.249292
1271	3409	342	0	0	0
1272	2197	1000	880	0.400546	0.88
1273	2332	488	220	0.0943396	0.45082
1274	3224	1224	220	0.0682382	0.179739
1275	3468	3406	880	0.253749	0.258368
1276	3065	2065	440	0.143556	0.213075
1277	3688	1688	440	0.119306	0.260664
1278	3230	2000	440	0.136223	0.22
1279	3956	1956	483	0.122093	0.246933
1280	1366	0	0	0	0
1281	3198	2838	660	0.206379	0.232558
1282	2455	340	0	0	0
1283	3686	1890	440	0.119371	0.232804
1284	1904	1000	220	0.115546	0.22
1285	2258	0	0	0	0
1286	2097	1457	1320	0.629471	0.905971
1287	2746	0	0	0	0
1288	2693	1000	220	0.0816933	0.22
1289	2110	0	0	0	0
1290	2492	1544	220	0.0882825	0.142487
1291	2308	0	0	0	0
1292	3241	3241	1058	0.326442	0.326442
1293	1362	1161	220	0.161527	0.189492
1294	2552	1552	650	0.254702	0.418814
1295	1948	0	0	0	0
1296	3178	2178	440	0.138452	0.20202
1297	1923	1751	611	0.317733	0.348943
1298	1385	1085	625	0.451264	0.576037
1299	2263	1158	220	0.0972161	0.189983
1300	3986	1873	420	0.105369	0.224239
1301	1974	1641	220	0.111449	0.134065
1302	3157	0	0	0	0
1303	4395	898	220	0.0500569	0.244989
1304	2102	2102	245	0.116556	0.116556
1305	3040	932	220	0.0723684	0.236052
1306	1555	1421	422	0.271383	0.296974
1307	2610	0	0	0	0
1308	2192	0	0	0	0
1309	3195	591	0	0	0
1310	2590	1000	220	0.0849421	0.22
1311	2416	2018	440	0.182119	0.218038
1312	3179	1179	220	0.0692042	0.186599
1313	2318	2160	440	0.189819	0.203704
1314	3655	2000	1980	0.541724	0.99
1315	2190	0	0	0	0
1316	3786	1482	440	0.116218	0.296896
1317	3026	1572	220	0.0727032	0.139949
1318	1540	1401	220	0.142857	0.157031
1319	3616	3616	1320	0.365044	0.365044
1320	1906	508	0	0	0
1321	2099	1353	220	0.104812	0.162602
1322	1860	1242	2802	1.50645	2.25604
1323	2019	728	220	0.108965	0.302198
1324	1372	1372	440	0.3207	0.3207
1325	2568	1544	220	0.0856698	0.142487
1326	2076	2076	725	0.349229	0.349229
1327	2581	1686	440	0.170477	0.260973
1328	1891	1000	440	0.232681	0.44
1329	1816	1679	658	0.362335	0.3919
1330	1744	782	420	0.240826	0.537084
1331	2698	0	0	0	0
1332	2579	963	220	0.0853044	0.228453
1333	4149	3149	1100	0.265124	0.349317
1334	2252	2252	8338	3.70249	3.70249
1335	3262	0	0	0	0
1336	4221	1000	220	0.0521204	0.22
1337	3238	2000	660	0.20383	0.33
1338	2867	1376	220	0.0767353	0.159884
1339	2578	1578	658	0.255237	0.416984
1340	3373	566	0	0	0
1341	2808	0	0	0	0
1342	2826	1527	527	0.186483	0.345121
1343	1707	1707	773	0.452841	0.452841
1344	2979	596	440	0.147701	0.738255
1345	3560	2258	880	0.247191	0.389725
1346	2585	802	220	0.0851064	0.274314
1347	3946	3939	1520	0.3852	0.385885
1348	2331	896	356	0.152724	0.397321
1349	4626	4626	3080	0.665802	0.665802
1350	2712	2000	1320	0.486726	0.66
1351	2487	2333	440	0.17692	0.188598
1352	2918	1038	418	0.143249	0.402697
1353	4185	2000	440	0.105137	0.22
1354	4943	1047	200	0.0404613	0.191022
1355	2536	2536	420	0.165615	0.165615
1356	2841	1000	220	0.0774375	0.22
1357	745	118	0	0	0
1358	3622	1786	220	0.0607399	0.12318
1359	4993	1856	556	0.111356	0.299569
1360	2194	915	215	0.0979945	0.234973
1361	3309	2309	855	0.258386	0.37029
1362	2896	1896	794	0.274171	0.418776
1363	2221	2221	2400	1.08059	1.08059
1364	3263	1318	220	0.0674226	0.16692
1365	3254	1000	220	0.0676091	0.22
1366	3024	1187	220	0.0727513	0.185341
1367	3792	2000	660	0.174051	0.33
1368	1698	395	0	0	0
1369	4044	950	220	0.0544016	0.231579
1370	1899	1000	220	0.11585	0.22
1371	4830	2000	220	0.0455487	0.11
1372	2970	922	440	0.148148	0.477223
1373	4204	2793	453	0.107755	0.162191
1374	3538	3533	2093	0.591577	0.592414
1375	1650	666	220	0.133333	0.33033
1376	1680	0	0	0	0
1377	2977	0	0	0	0
1378	3624	2000	660	0.182119	0.33
1379	1612	930	220	0.136476	0.236559
1380	1955	0	0	0	0
1381	2057	1964	440	0.213904	0.224033
1382	1702	1222	220	0.12926	0.180033
1383	1757	1757	474	0.269778	0.269778
1384	2257	2257	1320	0.584847	0.584847
1385	1951	1951	220	0.112763	0.112763
1386	3260	3260	1928	0.591411	0.591411
1387	2014	0	0	0	0
1388	1627	1000	220	0.135218	0.22
1389	2564	1000	420	0.163807	0.42
1390	1964	0	0	0	0
1391	1930	56	0	0	0
1392	2341	404	440	0.187954	1.08911
1393	2172	2172	1236	0.569061	0.569061
1394	1533	699	639	0.41683	0.914163
1395	3273	393	53	0.0161931	0.13486
1396	4531	1000	440	0.0971088	0.44
1397	3986	1097	220	0.0551932	0.200547
1398	2790	0	0	0	0
1399	4757	1000	220	0.0462476	0.22
1400	2235	483	486	0.21745	1.00621
1401	1426	753	440	0.308555	0.584329
1402	4913	1506	220	0.0447792	0.146082
1403	2568	142	2	0.000778816	0.0140845
1404	3456	252	52	0.0150463	0.206349
1405	3018	1243	220	0.072896	0.176991
1406	3105	999	59	0.0190016	0.0590591
1407	4980	3000	1320	0.26506	0.44
1408	1705	0	0	0	0
1409	2787	370	0	0	0
1410	1212	212	38	0.0313531	0.179245
1411	2771	771	0	0	0
1412	2587	2587	327	0.126401	0.126401
1413	2954	2954	10618	3.59445	3.59445
1414	2869	0	0	0	0
1415	1613	1613	2189	1.3571	1.3571
1416	613	613	200	0.326264	0.326264
1417	2022	0	0	0	0
1418	1353	1056	220	0.162602	0.208333
1419	2174	0	0	0	0
1420	3227	1317	437	0.13542	0.331815
1421	4014	2014	282	0.0702541	0.14002
1422	3506	1436	456	0.130063	0.317549
1423	1535	738	0	0	0
1424	4291	3291	1520	0.35423	0.461866
1425	4917	3591	1080	0.219646	0.300752
1426	3504	1504	627	0.178938	0.416888
1427	1588	0	0	0	0
1428	913	913	440	0.481928	0.481928
1429	1376	1000	440	0.319767	0.44
1430	1483	0	0	0	0
1431	1158	1158	1161	1.00259	1.00259
1432	2106	0	0	0	0
1433	1831	1488	588	0.321136	0.395161
1434	1966	475	95	0.0483215	0.2
1435	1178	0	0	0	0
1436	1489	816	616	0.4137	0.754902
1437	2266	266	0	0	0
1438	818	818	159	0.194377	0.194377
1439	1496	12	0	0	0
1440	1709	1709	220	0.12873	0.12873
1441	1173	791	220	0.187553	0.278129
1442	1710	0	0	0	0
1443	2258	1391	220	0.0974314	0.15816
1444	911	911	400	0.439078	0.439078
1445	1464	1000	440	0.300546	0.44
1446	1897	1833	9113	4.8039	4.97163
1447	2105	1519	220	0.104513	0.144832
1448	1760	587	220	0.125	0.374787
1449	1360	1052	272	0.2	0.258555
1450	3680	3158	1958	0.532065	0.620013
1451	2686	1686	392	0.145942	0.232503
1452	2798	2798	1315	0.469979	0.469979
1453	3954	2954	2020	0.510875	0.683819
1454	3383	3383	1294	0.382501	0.382501
1455	3042	2680	880	0.289283	0.328358
1456	2772	1772	909	0.327922	0.51298
1457	1371	1371	220	0.160467	0.160467
1458	2736	2685	730	0.266813	0.271881
1459	3690	2690	3876	1.05041	1.44089
1460	2484	1560	340	0.136876	0.217949
1461	4783	2000	640	0.133807	0.32
1462	2392	2392	880	0.367893	0.367893
1463	3458	1458	220	0.0636206	0.150892
1464	3726	3684	1520	0.407944	0.412595
1465	3406	3406	1230	0.361127	0.361127
1466	1340	0	0	0	0
1467	3167	2167	1047	0.330597	0.483156
1468	1329	0	0	0	0
1469	1847	221	0	0	0
1470	3388	2131	880	0.25974	0.412952
1471	1750	0	0	0	0
1472	1858	1858	440	0.236814	0.236814
1473	3157	0	0	0	0
1474	2415	99	0	0	0
1475	3421	2714	1100	0.321543	0.405306
1476	3946	2000	440	0.111505	0.22
1477	2934	2934	31942	10.8868	10.8868
1478	3260	0	0	0	0
1479	3265	2000	220	0.0673813	0.11
1480	4543	1000	220	0.0484262	0.22
1481	1928	1530	270	0.140041	0.176471
1482	3550	2078	860	0.242254	0.413859
1483	2011	0	0	0	0
1484	1617	223	83	0.0513296	0.372197
1485	1806	0	0	0	0
1486	2148	1275	220	0.102421	0.172549
1487	2553	1824	200	0.0783392	0.109649
1488	1204	241	0	0	0
1489	2336	2336	14697	6.29152	6.29152
1490	3836	1378	220	0.0573514	0.159652
1491	1412	114	0	0	0
1492	1448	561	0	0	0
1493	3273	1273	193	0.0589673	0.15161
1494	2276	413	0	0	0
1495	3626	2626	1963	0.541368	0.747525
1496	1691	1142	440	0.260201	0.385289
1497	3498	3408	1048	0.2996	0.307512
1498	2954	2337	1100	0.372376	0.470689
1499	3571	2857	1080	0.302436	0.378019
1500	4637	4637	2103	0.453526	0.453526
1501	2855	2855	19553	6.84869	6.84869
1502	2605	2605	1100	0.422265	0.422265
1503	3993	1000	220	0.0550964	0.22
1504	1558	0	0	0	0
1505	378	196	0	0	0
1506	314	314	0	0	0
1507	532	0	0	0	0
1508	728	0	0	0	0
1509	1151	1151	289	0.251086	0.251086
1510	982	877	220	0.224033	0.250855
1511	776	195	135	0.173969	0.692308
1512	2019	2019	6696	3.31649	3.31649
1513	3330	3330	12715	3.81832	3.81832
1514	2644	2644	440	0.166415	0.166415
1515	5005	5005	6038	1.20639	1.20639
1516	3451	2100	1100	0.318748	0.52381
1517	4853	4853	4544	0.936328	0.936328
1518	3474	3474	4620	1.32988	1.32988
1519	4989	4989	1940	0.388855	0.388855
1520	3511	3511	726	0.206779	0.206779
1521	5035	5035	2328	0.462363	0.462363
1522	3844	3844	4164	1.08325	1.08325
1523	4482	4482	3539	0.789603	0.789603
1524	4516	3516	1300	0.287865	0.369738
1525	2577	2577	6711	2.60419	2.60419
1526	4272	2907	1100	0.257491	0.378397
1527	4677	3000	1100	0.235194	0.366667
1528	3803	2504	864	0.227189	0.345048
1529	3928	2928	968	0.246436	0.330601
1530	3162	3162	542	0.17141	0.17141
1531	5001	5001	1540	0.307938	0.307938
1532	3388	3090	1420	0.419126	0.459547
1533	4349	3349	1214	0.279145	0.362496
1534	4674	2348	1100	0.235344	0.468484
1535	4488	3260	1280	0.285205	0.392638
1536	3394	3394	862	0.253978	0.253978
1537	3074	2477	1320	0.429408	0.532903
1538	3164	1214	1500	0.474083	1.23558
1539	5015	4994	1540	0.307079	0.30837
1540	4407	3040	880	0.199682	0.289474
1541	3749	3749	1320	0.352094	0.352094
1542	4188	3188	2054	0.490449	0.644291
1543	3534	2534	440	0.124505	0.173639
1544	1905	905	440	0.230971	0.486188
1545	3234	3234	1083	0.334879	0.334879
1546	3453	1000	220	0.0637127	0.22
1547	3564	3564	764	0.214366	0.214366
1548	3422	1000	220	0.0642899	0.22
1549	4047	2658	538	0.132938	0.202408
1550	2819	2819	1540	0.546293	0.546293
1551	2438	2438	587	0.240771	0.240771
1552	3081	3001	860	0.27913	0.286571
1553	3867	3867	1100	0.284458	0.284458
1554	4888	4888	1984	0.405892	0.405892
1555	3657	3432	1712	0.468143	0.498834
1556	4229	1632	440	0.104044	0.269608
1557	4583	4293	1100	0.240017	0.256231
1558	2676	2676	75572	28.2407	28.2407
1559	4801	4801	2256	0.469902	0.469902
1560	4942	1942	440	0.0890328	0.226571
1561	2158	1158	220	0.101946	0.189983
1562	2197	2197	220	0.100137	0.100137
1563	952	296	0	0	0
1564	3357	1000	220	0.0655347	0.22
1565	4612	2612	748	0.162186	0.286371
1566	7037	1000	220	0.0312633	0.22
1567	1888	925	220	0.116525	0.237838
1568	4024	2000	440	0.109344	0.22
1569	7787	4000	660	0.0847566	0.165
1570	7116	6116	1724	0.242271	0.281884
1571	3825	2825	440	0.115033	0.155752
1572	5791	1542	220	0.03799	0.142672
1573	8061	1000	220	0.0272919	0.22
1574	2298	1591	220	0.0957354	0.138278
1575	1929	1288	220	0.114049	0.170807
1576	2085	1230	220	0.105516	0.178862
1577	1798	1268	1108	0.61624	0.873817
1578	1513	1488	440	0.290813	0.295699
1579	2084	1084	350	0.167946	0.322878
1580	1114	181	0	0	0
1581	934	934	660	0.706638	0.706638
1582	3024	2000	640	0.21164	0.32
1583	2793	2587	440	0.157537	0.170081
1584	3217	2300	4180	1.29935	1.81739
1585	986	986	0	0	0
1586	2812	1439	440	0.156472	0.305768
1587	2906	1906	1100	0.378527	0.577125
1588	1584	19	0	0	0
1589	2018	27	0	0	0
1590	1347	537	0	0	0
1591	1167	1167	220	0.188518	0.188518
1592	2566	2566	660	0.25721	0.25721
1593	3945	1945	610	0.154626	0.313625
1594	1394	289	220	0.157819	0.761246
1595	2495	2338	440	0.176353	0.188195
1596	3344	3344	1664	0.497608	0.497608
1597	3718	2652	640	0.172136	0.241327
1598	3303	2303	1020	0.30881	0.442901
1599	1441	1441	1260	0.874393	0.874393
1600	1061	207	0	0	0
1601	1351	614	114	0.0843819	0.185668
1602	1464	1464	0	0	0
1603	1348	930	220	0.163205	0.236559
1604	2104	1050	220	0.104563	0.209524
1605	1404	1099	440	0.31339	0.400364
1606	1852	1852	660	0.356371	0.356371
1607	2484	272	0	0	0
1608	2788	1788	660	0.236729	0.369128
1609	1039	1039	2093	2.01444	2.01444
1610	1886	1000	220	0.116649	0.22
1611	1627	1627	660	0.405655	0.405655
1612	2364	1364	650	0.274958	0.47654
1613	2099	0	0	0	0
1614	3446	1000	220	0.0638421	0.22
1615	3325	2861	660	0.198496	0.230689
1616	2181	2181	440	0.201742	0.201742
1617	1694	1694	1324	0.781582	0.781582
1618	1922	1507	640	0.332986	0.424685
1619	3088	0	0	0	0
1620	3207	2762	2096	0.65357	0.75887
1621	2196	2196	10720	4.8816	4.8816
1622	2906	1998	660	0.227116	0.33033
1623	1730	1730	592	0.342197	0.342197
1624	3659	2247	1320	0.360754	0.58745
1625	1797	1797	220	0.122426	0.122426
1626	3698	3698	1456	0.393726	0.393726
1627	2528	2288	29080	11.5032	12.7098
1628	4331	4331	880	0.203186	0.203186
1629	2547	0	0	0	0
1630	3837	2073	440	0.114673	0.212253
1631	1969	341	0	0	0
1632	4917	1086	220	0.0447427	0.202578
1633	4135	4135	2515	0.608222	0.608222
1634	4609	4609	2189	0.47494	0.47494
1635	3525	0	0	0	0
1636	3974	3974	1300	0.327126	0.327126
1637	4113	2273	660	0.160467	0.290365
1638	4952	3952	1100	0.222132	0.27834
1639	4499	4499	880	0.195599	0.195599
1640	4673	985	220	0.047079	0.22335
1641	3990	2000	440	0.110276	0.22
1642	4913	3913	870	0.177081	0.222336
1643	4762	1000	220	0.0461991	0.22
1644	3235	3112	1320	0.408037	0.424165
1645	3962	3472	880	0.22211	0.253456
1646	5191	3901	1540	0.296667	0.394771
1647	3124	3124	1088	0.348271	0.348271
1648	3564	3564	2420	0.679012	0.679012
1649	4546	4546	13733	3.0209	3.0209
1650	2225	1924	604	0.271461	0.313929
1651	3373	1600	440	0.130448	0.275
1652	3635	3000	4340	1.19395	1.44667
1653	2031	1031	220	0.108321	0.213385
1654	2332	2332	660	0.283019	0.283019
1655	591	591	440	0.744501	0.744501
1656	2905	1000	220	0.0757315	0.22
1657	2327	2327	660	0.283627	0.283627
1658	3489	3489	1100	0.315277	0.315277
1659	3870	3727	2847	0.735659	0.763885
1660	5497	4497	2860	0.520284	0.63598
1661	2452	1916	440	0.179445	0.229645
1662	3711	1643	440	0.118566	0.267803
1663	3646	3646	660	0.18102	0.18102
1664	4419	4419	1754	0.396922	0.396922
1665	1529	600	220	0.143885	0.366667
1666	3544	2000	880	0.248307	0.44
1667	3163	3163	1756	0.555169	0.555169
1668	2463	2463	1124	0.456354	0.456354
1669	3509	0	0	0	0
1670	3982	1620	440	0.110497	0.271605
1671	4874	1000	440	0.0902749	0.44
1672	3796	3796	1395	0.367492	0.367492
1673	4252	3252	1334	0.313735	0.410209
1674	3197	3197	917	0.286831	0.286831
1675	3701	3224	2464	0.665766	0.764268
1676	4147	1841	281	0.0677598	0.152634
1677	3089	2089	440	0.142441	0.210627
1678	3207	2213	420	0.130964	0.189788
1679	4955	2081	880	0.177598	0.422874
1680	4853	3853	640	0.131877	0.166104
1681	3561	1185	265	0.0744173	0.223629
1682	3911	2124	440	0.112503	0.207156
1683	3645	2305	880	0.241427	0.381779
1684	4917	4917	2152	0.437665	0.437665
1685	3134	2134	747	0.238354	0.350047
1686	3149	3018	660	0.20959	0.218688
1687	3035	2000	660	0.217463	0.33
1688	2960	1960	327	0.110473	0.166837
1689	3260	1000	660	0.202454	0.66
1690	4768	2969	660	0.138423	0.222297
1691	2883	2672	440	0.152619	0.164671
1692	2571	776	220	0.0855698	0.283505
1693	2230	44	0	0	0
1694	1575	1575	420	0.266667	0.266667
1695	3446	3446	914	0.265235	0.265235
1696	4332	2332	220	0.0507849	0.0943396
1697	5193	5078	2918	0.56191	0.574636
1698	2637	1333	440	0.166856	0.330083
1699	3734	3734	1520	0.40707	0.40707
1700	3680	2967	1300	0.353261	0.438153
1701	3156	2105	1540	0.487959	0.731591
1702	3691	3691	3065	0.830398	0.830398
1703	4772	2772	876	0.183571	0.316017
1704	5388	5388	4620	0.857461	0.857461
1705	3154	3154	2860	0.906785	0.906785
1706	4290	4290	2640	0.615385	0.615385
1707	4525	3430	1540	0.340331	0.44898
1708	4780	2780	1172	0.245188	0.421583
1709	3785	2785	1025	0.270806	0.368043
1710	2813	2000	440	0.156417	0.22
1711	4418	4418	2188	0.495247	0.495247
1712	3380	2158	2698	0.798225	1.25023
1713	3064	3064	1300	0.424282	0.424282
1714	3041	2188	1320	0.434068	0.603291
1715	4457	2822	2522	0.565851	0.893692
1716	2648	2648	880	0.332326	0.332326
1717	3450	3322	1540	0.446377	0.463576
1718	2194	2194	11094	5.05652	5.05652
1719	2016	1733	1540	0.763889	0.888632
1720	3108	2727	660	0.212355	0.242024
1721	2031	2031	546	0.268833	0.268833
1722	3145	1113	220	0.0699523	0.197664
1723	4890	2147	880	0.179959	0.409874
1724	3176	112	0	0	0
1725	3847	0	0	0	0
1726	2304	1481	220	0.0954861	0.148548
1727	2391	2006	552	0.230866	0.275174
1728	863	207	0	0	0
1729	513	513	295	0.575049	0.575049
1730	550	550	0	0	0
1731	1689	284	344	0.203671	1.21127
1732	1097	0	0	0	0
1733	607	607	4979	8.20264	8.20264
1734	1401	0	0	0	0
1735	499	499	887	1.77756	1.77756
1736	497	0	0	0	0
1737	586	586	431	0.735495	0.735495
1738	593	473	0	0	0
1739	499	0	0	0	0
1740	1816	1132	220	0.121145	0.194346
1741	2655	2000	660	0.248588	0.33
1742	1410	867	220	0.156028	0.253749
1743	2261	96	0	0	0
1744	939	939	831	0.884984	0.884984
1745	3113	3113	420	0.134918	0.134918
1746	3133	2133	220	0.0702202	0.103141
1747	3320	1861	521	0.156928	0.279957
1748	3571	1709	660	0.184822	0.386191
1749	921	921	22111	24.0076	24.0076
1750	1076	1076	828	0.769517	0.769517
1751	1353	1353	8006	5.91722	5.91722
1752	1512	146	0	0	0
1753	1182	1182	1222	1.03384	1.03384
1754	1310	1310	973	0.742748	0.742748
1755	1631	0	0	0	0
1756	1495	1395	440	0.294314	0.315412
1757	1626	1626	440	0.270603	0.270603
1758	1485	0	0	0	0
1759	1487	1487	610	0.410222	0.410222
1760	1495	1322	220	0.147157	0.166415
1761	1669	1669	736	0.440983	0.440983
1762	1498	829	440	0.293725	0.53076
1763	1495	0	0	0	0
1764	1452	1452	440	0.30303	0.30303
1765	1534	0	0	0	0
1766	1424	1000	220	0.154494	0.22
1767	1080	1080	440	0.407407	0.407407
1768	1491	0	0	0	0
1769	1512	806	220	0.145503	0.272953
1770	1511	1511	331	0.21906	0.21906
1771	1495	1495	475	0.317726	0.317726
1772	1474	1000	660	0.447761	0.66
1773	1501	1500	220	0.146569	0.146667
1774	1513	1236	420	0.277594	0.339806
1775	1449	0	0	0	0
1776	1507	507	128	0.084937	0.252465
1777	1835	806	440	0.239782	0.545906
1778	1512	1000	220	0.145503	0.22
1779	1472	1245	345	0.234375	0.277108
1780	1586	52	0	0	0
1781	1482	1482	660	0.445344	0.445344
1782	1460	0	0	0	0
1783	1495	264	0	0	0
1784	1487	1379	220	0.147949	0.159536
1785	1821	1821	918	0.504119	0.504119
1786	3364	3364	1578	0.469084	0.469084
1787	1600	0	0	0	0
1788	1999	1999	1520	0.76038	0.76038
1789	3371	2383	9223	2.73598	3.87033
1790	604	604	220	0.364238	0.364238
1791	575	0	0	0	0
1792	875	0	0	0	0
1793	3218	0	0	0	0
1794	1997	997	312	0.156234	0.312939
1795	739	739	0	0	0
1796	1002	1002	220	0.219561	0.219561
1797	1498	940	660	0.440587	0.702128
1798	1675	1000	220	0.131343	0.22
1799	2693	1898	440	0.163387	0.231823
1800	187	187	187	1	1
1801	2651	481	0	0	0
1802	3742	0	0	0	0
1803	3974	0	0	0	0
1804	2316	2316	1538	0.664076	0.664076
1805	3251	0	0	0	0
1806	2618	2618	1100	0.420168	0.420168
1807	4233	2484	640	0.151193	0.257649
1808	2960	1000	220	0.0743243	0.22
1809	1175	503	0	0	0
1810	3803	1000	220	0.0578491	0.22
1811	3280	1126	220	0.0670732	0.195382
1812	1362	0	0	0	0
1813	3726	0	0	0	0
1814	850	850	156	0.183529	0.183529
1815	2556	1146	220	0.086072	0.191972
1816	1799	1000	220	0.12229	0.22
1817	2822	0	0	0	0
1818	2834	1834	266	0.0938603	0.145038
1819	2865	1792	660	0.230366	0.368304
1820	3231	0	0	0	0
1821	2089	589	220	0.105314	0.373514
1822	4031	0	0	0	0
1823	4649	2897	840	0.180684	0.289955
1824	1754	1754	31647	18.0428	18.0428
1825	3476	0	0	0	0
1826	3656	3000	660	0.180525	0.22
1827	2671	0	0	0	0
1828	1679	0	0	0	0
1829	5000	1000	440	0.088	0.44
1830	1912	523	183	0.0957113	0.349904
1831	2667	1000	220	0.0824897	0.22
1832	3247	0	0	0	0
1833	2752	0	0	0	0
1834	3190	2162	522	0.163636	0.241443
1835	3297	0	0	0	0
1836	3592	3592	928	0.258352	0.258352
1837	2898	175	175	0.0603865	1
1838	2645	0	0	0	0
1839	2004	0	0	0	0
1840	2438	2438	440	0.180476	0.180476
1841	1006	1006	220	0.218688	0.218688
1842	3546	1094	440	0.124083	0.402194
1843	1877	0	0	0	0
1844	1573	492	220	0.13986	0.447154
1845	1602	643	0	0	0
1846	2039	1039	339	0.166258	0.326275
1847	2165	0	0	0	0
1848	3248	1000	220	0.067734	0.22
1849	1806	1000	220	0.121816	0.22
1850	2727	0	0	0	0
1851	1909	1743	640	0.335254	0.367183
1852	2708	1086	220	0.0812408	0.202578
1853	2205	537	417	0.189116	0.776536
1854	2550	777	220	0.0862745	0.28314
1855	2018	2018	440	0.218038	0.218038
1856	1597	661	0	0	0
1857	3711	1711	182	0.0490434	0.106371
1858	1697	303	0	0	0
1859	1988	1491	411	0.20674	0.275654
1860	1890	1742	440	0.232804	0.252583
1861	2737	2737	1100	0.4019	0.4019
1862	1595	695	0	0	0
1863	3173	2592	440	0.13867	0.169753
1864	3509	3509	23440	6.67997	6.67997
1865	3353	936	356	0.106174	0.380342
1866	1932	1932	804	0.416149	0.416149
1867	3176	2176	3043	0.958123	1.39844
1868	2042	1701	321	0.157199	0.188713
1869	1598	598	35	0.0219024	0.0585284
1870	3718	1000	220	0.0591716	0.22
1871	1892	0	0	0	0
1872	2893	893	220	0.0760456	0.246361
1873	1776	0	0	0	0
1874	2855	0	0	0	0
1875	1141	411	91	0.0797546	0.221411
1876	1909	769	220	0.115244	0.286086
1877	822	822	1578	1.91971	1.91971
1878	2861	724	0	0	0
1879	1603	1000	220	0.137243	0.22
1880	2124	194	0	0	0
1881	2678	0	0	0	0
1882	1475	1475	1257	0.852203	0.852203
1883	2073	645	220	0.106126	0.341085
1884	1573	0	0	0	0
1885	3642	2822	880	0.241625	0.311836
1886	1633	1331	220	0.134721	0.165289
1887	2588	0	0	0	0
1888	2996	512	0	0	0
1889	1208	230	0	0	0
1890	3029	718	220	0.0726312	0.306407
1891	2066	0	0	0	0
1892	1492	851	262	0.175603	0.307873
1893	1468	1468	200	0.13624	0.13624
1894	2104	2104	643	0.305608	0.305608
1895	3141	1453	220	0.0700414	0.151411
1896	3865	2573	440	0.113842	0.171007
1897	2387	1387	440	0.184332	0.317231
1898	3664	0	0	0	0
1899	1156	0	0	0	0
1900	2343	1343	220	0.0938967	0.163812
1901	1972	29	0	0	0
1902	2808	2808	537	0.191239	0.191239
1903	2242	0	0	0	0
1904	1001	1001	12486	12.4735	12.4735
1905	1001	0	0	0	0
1906	1796	183	0	0	0
1907	2028	603	440	0.216963	0.729685
1908	825	0	0	0	0
1909	1453	867	107	0.0736407	0.123414
1910	585	0	0	0	0
1911	925	244	0	0	0
1912	974	0	0	0	0
1913	1432	1386	440	0.307263	0.31746
1914	1246	70	0	0	0
1915	1820	1786	220	0.120879	0.12318
1916	760	0	0	0	0
1917	1306	0	0	0	0
1918	765	624	628	0.820915	1.00641
1919	1333	0	0	0	0
1920	1247	744	220	0.176423	0.295699
1921	494	0	0	0	0
1922	908	0	0	0	0
1923	624	0	0	0	0
1924	698	0	0	0	0
1925	558	558	182	0.326165	0.326165
1926	1471	471	0	0	0
1927	1159	0	0	0	0
1928	856	856	220	0.257009	0.257009
1929	1240	12	0	0	0
1930	2781	1088	348	0.125135	0.319853
1931	1188	1188	420	0.353535	0.353535
1932	1003	0	0	0	0
1933	1028	0	0	0	0
1934	2003	0	0	0	0
1935	699	699	203	0.290415	0.290415
1936	1176	0	0	0	0
1937	818	818	0	0	0
1938	1935	935	0	0	0
1939	728	728	241	0.331044	0.331044
1940	540	484	0	0	0
1941	950	420	220	0.231579	0.52381
1942	904	904	9626	10.6482	10.6482
1943	1245	1201	220	0.176707	0.183181
1944	1036	997	317	0.305985	0.317954
1945	812	0	0	0	0
1946	902	0	0	0	0
1947	2056	2056	660	0.321012	0.321012
1948	1200	427	220	0.183333	0.515222
1949	579	0	0	0	0
1950	848	0	0	0	0
1951	632	632	298	0.471519	0.471519
1952	631	493	0	0	0
1953	1055	0	0	0	0
1954	2433	235	0	0	0
1955	1304	1304	420	0.322086	0.322086
1956	1889	1239	220	0.116464	0.177563
1957	2206	1206	660	0.299184	0.547264
1958	1245	0	0	0	0
1959	1363	0	0	0	0
1960	1795	310	0	0	0
1961	759	426	0	0	0
1962	822	0	0	0	0
1963	635	0	0	0	0
1964	1444	1176	440	0.304709	0.37415
1965	1167	894	0	0	0
1966	898	0	0	0	0
1967	588	0	0	0	0
1968	1848	0	0	0	0
1969	830	0	0	0	0
1970	1665	0	0	0	0
1971	1297	402	220	0.169622	0.547264
1972	578	165	0	0	0
1973	1028	1028	220	0.214008	0.214008
1974	445	0	0	0	0
1975	548	0	0	0	0
1976	937	937	440	0.469584	0.469584
1977	575	575	0	0	0
1978	1205	0	0	0	0
1979	830	0	0	0	0
1980	537	491	220	0.409683	0.448065
1981	1452	1452	369	0.254132	0.254132
1982	1098	0	0	0	0
1983	1488	0	0	0	0
1984	2184	1000	220	0.100733	0.22
1985	3469	0	0	0	0
1986	2137	2137	15309	7.16378	7.16378
1987	2276	1248	220	0.0966608	0.176282
1988	2565	0	0	0	0
1989	1832	0	0	0	0
1990	1374	1374	440	0.320233	0.320233
1991	2703	2000	220	0.081391	0.11
1992	920	18	0	0	0
1993	992	683	220	0.221774	0.322108
1994	2668	2668	440	0.164918	0.164918
1995	1956	321	0	0	0
1996	1650	676	196	0.118788	0.289941
1997	1842	0	0	0	0
1998	1004	1004	220	0.219124	0.219124
1999	1362	743	660	0.484581	0.888291
2000	2257	8	0	0	0
2001	5575	3101	1100	0.197309	0.354724
2002	6816	3816	880	0.129108	0.230608
2003	6870	2870	660	0.0960699	0.229965
2004	5113	3616	1300	0.254254	0.359513
2005	6552	4704	19960	3.0464	4.2432
2006	4427	1829	440	0.0993901	0.240569
2007	6957	4972	1540	0.22136	0.309735
2008	7762	3169	1300	0.167483	0.410224
2009	7372	5247	1100	0.149213	0.209644
2010	6818	5818	1551	0.227486	0.266586
2011	3409	1409	497	0.145791	0.352732
2012	1140	1140	220	0.192982	0.192982
2013	1703	1703	660	0.387551	0.387551
2014	1287	485	0	0	0
2015	962	0	0	0	0
2016	1678	0	0	0	0
2017	1107	0	0	0	0
2018	1115	408	68	0.0609865	0.166667
2019	963	963	220	0.228453	0.228453
2020	1455	0	0	0	0
2021	1289	1289	301	0.233514	0.233514
2022	1027	320	120	0.116845	0.375
2023	1859	0	0	0	0
2024	1642	0	0	0	0
2025	1529	463	0	0	0
2026	1121	0	0	0	0
2027	2470	0	0	0	0
2028	1689	0	0	0	0
2029	1282	45	0	0	0
2030	1259	0	0	0	0
2031	843	0	0	0	0
2032	1501	0	0	0	0
2033	960	960	220	0.229167	0.229167
2034	1046	0	0	0	0
2035	702	0	0	0	0
2036	853	0	0	0	0
2037	1379	766	220	0.159536	0.287206
2038	491	0	0	0	0
2039	2736	0	0	0	0
2040	589	589	220	0.373514	0.373514
2041	987	954	54	0.0547112	0.0566038
2042	1452	0	0	0	0
2043	4129	2129	660	0.159845	0.310005
2044	1015	616	0	0	0
2045	781	735	220	0.28169	0.29932
2046	1731	810	220	0.127094	0.271605
2047	1177	0	0	0	0
2048	1119	0	0	0	0
2049	993	884	440	0.443102	0.497738
2050	3551	0	0	0	0
2051	1387	655	220	0.158616	0.335878
2052	852	852	220	0.258216	0.258216
2053	1573	138	0	0	0
2054	1491	0	0	0	0
2055	817	0	0	0	0
2056	849	309	0	0	0
2057	1776	1000	220	0.123874	0.22
2058	1352	352	147	0.108728	0.417614
2059	1104	0	0	0	0
2060	1996	577	220	0.11022	0.381282
2061	1629	1629	200	0.122775	0.122775
2062	1025	0	0	0	0
2063	1140	1140	23724	20.8105	20.8105
2064	1150	0	0	0	0
2065	2356	0	0	0	0
2066	1395	0	0	0	0
2067	1187	1187	220	0.185341	0.185341
2068	1687	0	0	0	0
2069	1372	0	0	0	0
2070	1206	1206	220	0.182421	0.182421
2071	851	343	0	0	0
2072	1187	0	0	0	0
2073	1116	801	220	0.197133	0.274657
2074	1576	0	0	0	0
2075	4307	1307	220	0.0510796	0.168324
2076	4748	2748	220	0.0463353	0.0800582
2077	1577	1000	420	0.266328	0.42
2078	1127	1127	147	0.130435	0.130435
2079	1143	1143	220	0.192476	0.192476
2080	597	597	0	0	0
2081	1355	355	0	0	0
2082	699	131	0	0	0
2083	1184	1184	420	0.35473	0.35473
2084	1145	982	220	0.19214	0.224033
2085	840	840	33562	39.9548	39.9548
2086	1304	1304	464	0.355828	0.355828
2087	1393	1338	660	0.473798	0.493274
2088	1079	1079	220	0.203892	0.203892
2089	1776	1727	220	0.123874	0.127389
2090	1792	0	0	0	0
2091	2332	1332	440	0.188679	0.33033
2092	2363	1000	220	0.093102	0.22
2093	2374	0	0	0	0
2094	1001	0	0	0	0
2095	1306	942	62	0.0474732	0.0658174
2096	1052	0	0	0	0
2097	961	233	0	0	0
2098	1045	1045	440	0.421053	0.421053
2099	1578	1578	758	0.480355	0.480355
2100	1578	0	0	0	0
2101	1440	1243	440	0.305556	0.353982
2102	900	0	0	0	0
2103	859	615	220	0.256112	0.357724
2104	2883	1000	220	0.0763094	0.22
2105	1639	653	0	0	0
2106	2528	0	0	0	0
2107	2091	0	0	0	0
2108	2192	0	0	0	0
2109	976	0	0	0	0
2110	1939	863	220	0.113461	0.254925
2111	1453	1453	440	0.302822	0.302822
2112	1004	1004	220	0.219124	0.219124
2113	1272	1272	220	0.172956	0.172956
2114	1412	0	0	0	0
2115	1067	11	0	0	0
2116	2040	1681	640	0.313725	0.380726
2117	1859	0	0	0	0
2118	1525	0	0	0	0
2119	1908	0	0	0	0
2120	1306	768	220	0.168453	0.286458
2121	1520	1000	660	0.434211	0.66
2122	914	0	0	0	0
2123	1547	502	220	0.142211	0.438247
2124	1787	0	0	0	0
2125	1646	1646	339	0.205954	0.205954
2126	2751	1517	440	0.159942	0.290046
2127	1213	387	0	0	0
2128	674	674	0	0	0
2129	769	287	0	0	0
2130	561	0	0	0	0
2131	991	0	0	0	0
2132	1477	0	0	0	0
2133	1560	181	0	0	0
2134	902	0	0	0	0
2135	917	753	420	0.458015	0.557769
2136	998	423	3	0.00300601	0.0070922
2137	1669	1359	220	0.131815	0.161884
2138	1426	0	0	0	0
2139	933	933	640	0.685959	0.685959
2140	1862	1000	220	0.118153	0.22
2141	1802	1802	440	0.244173	0.244173
2142	788	435	35	0.0444162	0.0804598
2143	1328	1000	220	0.165663	0.22
2144	1463	1463	220	0.150376	0.150376
2145	1611	1611	384	0.238361	0.238361
2146	1094	0	0	0	0
2147	1291	842	220	0.170411	0.261283
2148	1416	808	220	0.155367	0.272277
2149	664	664	0	0	0
2150	2607	713	13	0.00498657	0.0182328
2151	951	0	0	0	0
2152	1832	0	0	0	0
2153	1675	1675	880	0.525373	0.525373
2154	2493	1000	220	0.0882471	0.22
2155	2504	1625	660	0.263578	0.406154
2156	2510	1403	383	0.15259	0.272986
2157	2504	1504	220	0.0878594	0.146277
2158	2537	615	150	0.059125	0.243902
2159	2507	0	0	0	0
2160	2505	2505	645	0.257485	0.257485
2161	2515	2000	880	0.349901	0.44
2162	2515	646	220	0.0874751	0.340557
2163	2511	2511	440	0.175229	0.175229
2164	2507	2507	440	0.175509	0.175509
2165	2515	0	0	0	0
2166	2514	2514	650	0.258552	0.258552
2167	2513	1425	440	0.17509	0.308772
2168	2508	782	220	0.0877193	0.28133
2169	2509	2143	823	0.328019	0.384041
2170	2576	1000	440	0.170807	0.44
2171	2503	0	0	0	0
2172	2506	1627	220	0.0877893	0.135218
2173	2503	1749	660	0.263684	0.377358
2174	2506	0	0	0	0
2175	2506	2506	553	0.22067	0.22067
2176	2504	2504	1061	0.423722	0.423722
2177	2507	2507	1320	0.526526	0.526526
2178	2506	912	220	0.0877893	0.241228
2179	2511	0	0	0	0
2180	2512	2512	2746	1.09315	1.09315
2181	2587	2559	440	0.170081	0.171942
2182	2512	1000	220	0.0875796	0.22
2183	3595	1595	3300	0.917942	2.06897
2184	3529	2529	440	0.124681	0.173982
2185	3510	2412	292	0.0831909	0.121061
2186	3509	1150	440	0.125392	0.382609
2187	3513	1007	220	0.0626245	0.218471
2188	3509	2483	440	0.125392	0.177205
2189	3507	2507	880	0.250927	0.351017
2190	3516	2601	440	0.125142	0.169166
2191	3512	2512	235	0.0669134	0.093551
2192	3504	2504	440	0.125571	0.175719
2193	3510	0	0	0	0
2194	3503	0	0	0	0
2195	3504	1532	880	0.251142	0.574413
2196	3506	1026	200	0.0570451	0.194932
2197	3518	1000	220	0.0625355	0.22
2198	3501	3501	860	0.245644	0.245644
2199	3703	1061	220	0.0594113	0.207352
2200	3401	3401	890	0.261688	0.261688
2201	2508	1394	440	0.175439	0.315638
2202	955	0	0	0	0
2203	1039	1039	220	0.211742	0.211742
2204	909	909	220	0.242024	0.242024
2205	973	973	130	0.133607	0.133607
2206	1007	0	0	0	0
2207	1528	1528	220	0.143979	0.143979
2208	1022	481	821	0.803327	1.70686
2209	1342	1342	440	0.327869	0.327869
2210	909	0	0	0	0
2211	1180	0	0	0	0
2212	1481	0	0	0	0
2213	1113	113	0	0	0
2214	330	61	0	0	0
2215	2502	1771	440	0.175859	0.248447
2216	2268	2268	660	0.291005	0.291005
2217	3342	1000	220	0.0658288	0.22
2218	2525	0	0	0	0
2219	2499	2496	440	0.17607	0.176282
2220	2499	0	0	0	0
2221	3045	1045	220	0.0722496	0.210526
2222	4399	3285	660	0.150034	0.200913
2223	3501	2501	761	0.217366	0.304278
2224	3510	1000	220	0.0626781	0.22
2225	3506	1523	200	0.0570451	0.13132
2226	3125	0	0	0	0
2227	3095	2611	880	0.28433	0.337036
2228	3537	2000	220	0.0621996	0.11
2229	3931	2446	640	0.162808	0.261652
2230	3956	2000	1520	0.384226	0.76
2231	4202	0	0	0	0
2232	3820	939	199	0.0520942	0.211928
2233	3746	1838	778	0.207688	0.423286
2234	4202	0	0	0	0
2235	3807	1807	220	0.0577883	0.121749
2236	4533	3000	1100	0.242665	0.366667
2237	4342	1342	220	0.0506679	0.163934
2238	2672	875	220	0.0823353	0.251429
2239	3273	274	220	0.0672166	0.80292
2240	3785	2000	660	0.174373	0.33
2241	3629	1150	440	0.121246	0.382609
2242	3356	1000	220	0.0655542	0.22
2243	2371	1000	220	0.0927879	0.22
2244	3032	3032	880	0.290237	0.290237
2245	2049	1049	440	0.214739	0.419447
2246	2071	688	220	0.106229	0.319767
2247	2700	2319	440	0.162963	0.189737
2248	1282	0	0	0	0
2249	1240	1240	220	0.177419	0.177419
2250	1889	0	0	0	0
2251	1233	0	0	0	0
2252	1915	0	0	0	0
2253	1959	1000	220	0.112302	0.22
2254	1332	1332	220	0.165165	0.165165
2255	1678	671	311	0.18534	0.463487
2256	1572	0	0	0	0
2257	1924	0	0	0	0
2258	1639	1639	446	0.272117	0.272117
2259	1575	575	0	0	0
2260	2543	2543	789	0.310263	0.310263
2261	2251	68	0	0	0
2262	1421	0	0	0	0
2263	856	379	99	0.115654	0.261214
2264	1556	721	141	0.090617	0.195562
2265	1105	1105	440	0.39819	0.39819
2266	3549	0	0	0	0
2267	1547	467	220	0.142211	0.471092
2268	3086	0	0	0	0
2269	2844	844	184	0.0646976	0.218009
2270	1718	230	0	0	0
2271	2817	2817	440	0.156195	0.156195
2272	3285	1000	220	0.0669711	0.22
2273	2654	1000	220	0.0828937	0.22
2274	1880	0	0	0	0
2275	1339	737	440	0.328603	0.597015
2276	1609	0	0	0	0
2277	2553	1553	4888	1.91461	3.14746
2278	3016	1000	220	0.0729443	0.22
2279	3278	2278	806	0.245882	0.353819
2280	2037	2037	660	0.324006	0.324006
2281	2966	2487	1100	0.37087	0.4423
2282	2408	1567	660	0.274086	0.421187
2283	2343	2343	880	0.375587	0.375587
2284	1858	1000	220	0.118407	0.22
2285	3412	1901	440	0.128957	0.231457
2286	1836	836	226	0.123094	0.270335
2287	2710	0	0	0	0
2288	1937	0	0	0	0
2289	1004	226	106	0.105578	0.469027
2290	1409	1409	660	0.468417	0.468417
2291	4101	2148	440	0.107291	0.204842
2292	3588	2000	440	0.122631	0.22
2293	3346	2752	440	0.1315	0.159884
2294	3373	1000	220	0.0652238	0.22
2295	3462	1000	220	0.0635471	0.22
2296	4395	2605	880	0.200228	0.337812
2297	3612	1000	220	0.0609081	0.22
2298	3426	0	0	0	0
2299	3622	1369	880	0.24296	0.642805
2300	3638	3308	880	0.241891	0.266022
2301	3471	2000	440	0.126765	0.22
2302	3820	0	0	0	0
2303	3506	1000	220	0.0627496	0.22
2304	3119	0	0	0	0
2305	4152	3152	14280	3.43931	4.53046
2306	3064	3064	660	0.215405	0.215405
2307	3027	1000	220	0.0726792	0.22
2308	3002	156	0	0	0
2309	1240	1240	220	0.177419	0.177419
2310	2005	0	0	0	0
2311	3305	2305	457	0.138275	0.198265
2312	2915	0	0	0	0
2313	2325	1000	220	0.0946237	0.22
2314	1134	213	0	0	0
2315	2511	0	0	0	0
2316	1515	0	0	0	0
2317	2311	2311	1089	0.471225	0.471225
2318	1561	0	0	0	0
2319	1565	0	0	0	0
2320	1772	1000	440	0.248307	0.44
2321	1828	828	190	0.103939	0.229469
2322	1892	1000	220	0.116279	0.22
2323	2335	0	0	0	0
2324	2541	1541	220	0.0865801	0.142764
2325	2198	0	0	0	0
2326	2432	0	0	0	0
2327	2111	0	0	0	0
2328	4976	0	0	0	0
2329	2999	1138	220	0.0733578	0.193322
2330	4295	1000	220	0.0512224	0.22
2331	5117	4117	2338	0.456908	0.567889
2332	5099	3000	660	0.129437	0.22
2333	4003	0	0	0	0
2334	5091	5091	1320	0.259281	0.259281
2335	4706	4706	55914	11.8814	11.8814
2336	4189	4189	880	0.210074	0.210074
2337	3546	1000	220	0.0620417	0.22
2338	4542	1000	220	0.0484368	0.22
2339	4775	4775	1483	0.310576	0.310576
2340	4548	3429	1080	0.237467	0.314961
2341	5027	3027	660	0.131291	0.218038
2342	4244	926	220	0.0518379	0.237581
2343	3264	1962	422	0.129289	0.215087
2344	3003	0	0	0	0
2345	3969	1969	778	0.196019	0.395124
2346	4594	1246	220	0.0478886	0.176565
2347	3590	0	0	0	0
2348	4988	1955	420	0.0842021	0.214834
2349	2838	0	0	0	0
2350	3138	0	0	0	0
2351	4010	3010	880	0.219451	0.292359
2352	2532	0	0	0	0
2353	4353	3353	678	0.155755	0.202207
2354	3072	1000	660	0.214844	0.66
2355	3822	227	0	0	0
2356	3322	1539	399	0.120108	0.259259
2357	3823	2119	440	0.115093	0.207645
2358	4862	3000	880	0.180995	0.293333
2359	4181	3571	1151	0.275293	0.322319
2360	3028	0	0	0	0
2361	3089	0	0	0	0
2362	3048	1000	220	0.0721785	0.22
2363	3130	374	0	0	0
2364	2918	0	0	0	0
2365	2985	2000	660	0.221106	0.33
2366	2370	0	0	0	0
2367	2809	0	0	0	0
2368	4971	0	0	0	0
2369	3825	2825	648	0.169412	0.229381
2370	3889	2000	440	0.11314	0.22
2371	3805	0	0	0	0
2372	2730	1083	220	0.0805861	0.203139
2373	2011	498	0	0	0
2374	2754	2018	880	0.319535	0.436075
2375	2239	1239	106	0.0473426	0.0855529
2376	2434	1434	440	0.180772	0.306834
2377	3785	1955	1100	0.290621	0.56266
2378	4420	2314	440	0.0995475	0.190147
2379	4059	4059	1658	0.408475	0.408475
2380	4229	3000	620	0.146607	0.206667
2381	3661	1661	456	0.124556	0.274533
2382	2845	1845	6013	2.11353	3.25908
2383	2702	97	57	0.0210955	0.587629
2384	3262	879	79	0.0242183	0.0898749
2385	2814	0	0	0	0
2386	3074	0	0	0	0
2387	2715	1383	220	0.0810313	0.159074
2388	4264	0	0	0	0
2389	3362	2000	440	0.130874	0.22
2390	2608	1608	659	0.252684	0.409826
2391	3401	1000	220	0.0646869	0.22
2392	2892	1000	220	0.0760719	0.22
2393	3526	1526	362	0.102666	0.237221
2394	2579	177	157	0.0608763	0.887006
2395	3699	2000	440	0.118951	0.22
2396	2790	586	440	0.157706	0.750853
2397	2885	1138	220	0.0762565	0.193322
2398	2773	0	0	0	0
2399	2801	0	0	0	0
2400	2942	0	0	0	0
2401	3190	826	46	0.0144201	0.0556901
2402	4638	1638	440	0.0948685	0.26862
2403	4799	809	220	0.0458429	0.271941
2404	4113	4113	28720	6.98274	6.98274
2405	4255	3000	660	0.155112	0.22
2406	2736	0	0	0	0
2407	3480	0	0	0	0
2408	2767	1000	220	0.0795085	0.22
2409	2686	1342	220	0.0819062	0.163934
2410	4039	1972	440	0.108938	0.223124
2411	3074	3074	527	0.171438	0.171438
2412	2458	2458	660	0.268511	0.268511
2413	2857	1000	660	0.231012	0.66
2414	2648	1810	980	0.370091	0.541436
2415	2845	0	0	0	0
2416	2578	2359	220	0.0853375	0.0932599
2417	2510	1000	440	0.175299	0.44
2418	2718	0	0	0	0
2419	2889	782	220	0.0761509	0.28133
2420	2721	0	0	0	0
2421	2826	0	0	0	0
2422	2527	0	0	0	0
2423	2512	0	0	0	0
2424	2697	301	121	0.0448647	0.401993
2425	3412	1000	220	0.0644783	0.22
2426	2740	1740	880	0.321168	0.505747
2427	2532	347	0	0	0
2428	2624	0	0	0	0
2429	4866	2866	634	0.130292	0.221214
2430	4182	1000	220	0.0526064	0.22
2431	5618	0	0	0	0
2432	3581	1222	440	0.122871	0.360065
2433	3436	1436	509	0.148137	0.354457
2434	1776	938	218	0.122748	0.232409
2435	5062	4090	1010	0.199526	0.246944
2436	2361	2361	860	0.364252	0.364252
2437	4391	1851	440	0.100205	0.237709
2438	4017	3000	440	0.109534	0.146667
2439	2691	1000	200	0.0743218	0.2
2440	3245	2245	390	0.120185	0.173719
2441	3790	1000	220	0.0580475	0.22
2442	2697	1405	565	0.209492	0.402135
2443	2959	2641	1100	0.371747	0.416509
2444	2491	0	0	0	0
2445	3513	0	0	0	0
2446	3036	198	178	0.0586298	0.89899
2447	4426	3426	2407	0.543832	0.702569
2448	2853	0	0	0	0
2449	3036	2567	220	0.0724638	0.0857032
2450	5145	2000	420	0.0816327	0.21
2451	3746	3235	880	0.234917	0.272025
2452	5250	0	0	0	0
2453	3214	2214	660	0.205352	0.298103
2454	2372	1372	440	0.185497	0.3207
2455	2773	2773	420	0.151461	0.151461
2456	4215	1000	220	0.0521945	0.22
2457	3644	2644	440	0.120746	0.166415
2458	4348	1103	263	0.0604876	0.238441
2459	3526	479	220	0.0623936	0.45929
2460	3028	3028	440	0.14531	0.14531
2461	4472	2478	220	0.049195	0.0887813
2462	2553	2553	440	0.172346	0.172346
2463	1938	1924	440	0.227038	0.22869
2464	2519	1000	660	0.262009	0.66
2465	3173	0	0	0	0
2466	2817	1731	220	0.0780973	0.127094
2467	2643	0	0	0	0
2468	2873	1850	220	0.076575	0.118919
2469	3611	1572	612	0.169482	0.389313
2470	2267	1267	348	0.153507	0.274665
2471	3510	0	0	0	0
2472	2146	0	0	0	0
2473	3747	2271	660	0.176141	0.290621
2474	5385	0	0	0	0
2475	4479	2000	220	0.0491181	0.11
2476	2897	2000	440	0.151881	0.22
2477	3522	1000	220	0.0624645	0.22
2478	2819	601	220	0.0780419	0.366057
2479	3603	1000	220	0.0610602	0.22
2480	3749	2485	660	0.176047	0.265594
2481	4378	1000	440	0.100503	0.44
2482	5559	2000	880	0.158302	0.44
2483	3322	1322	359	0.108067	0.271558
2484	4043	1429	220	0.054415	0.153954
2485	5768	0	0	0	0
2486	4498	0	0	0	0
2487	3895	1251	220	0.0564827	0.175859
2488	3379	1803	666	0.1971	0.369384
2489	4033	0	0	0	0
2490	2479	0	0	0	0
2491	2598	2598	640	0.246343	0.246343
2492	1170	0	0	0	0
2493	2312	43	0	0	0
2494	1734	587	0	0	0
2495	3224	1000	220	0.0682382	0.22
2496	2202	0	0	0	0
2497	2574	2574	1201	0.466589	0.466589
2498	2450	1005	325	0.132653	0.323383
2499	3236	0	0	0	0
2500	3198	1000	220	0.068793	0.22
2501	2564	0	0	0	0
2502	1823	0	0	0	0
2503	2487	1219	440	0.17692	0.360952
2504	2266	1485	13520	5.96646	9.10438
2505	3060	1842	220	0.0718954	0.119435
2506	2926	1588	428	0.146275	0.269521
2507	2909	2047	220	0.0756274	0.107474
2508	1485	1000	220	0.148148	0.22
2509	1790	1000	220	0.122905	0.22
2510	2757	2757	27257	9.88647	9.88647
2511	2862	961	220	0.0768693	0.228928
2512	1604	0	0	0	0
2513	2137	1000	220	0.102948	0.22
2514	3012	0	0	0	0
2515	2993	0	0	0	0
2516	3008	1731	220	0.0731383	0.127094
2517	3085	1000	220	0.0713128	0.22
2518	2208	2208	440	0.199275	0.199275
2519	1927	0	0	0	0
2520	2232	0	0	0	0
2521	2018	1018	220	0.109019	0.21611
2522	2742	742	266	0.0970095	0.358491
2523	2014	0	0	0	0
2524	2000	566	220	0.11	0.388693
2525	2000	166	0	0	0
2526	2004	2004	1126	0.561876	0.561876
2527	2020	1223	220	0.108911	0.179886
2528	2836	1108	220	0.077574	0.198556
2529	2067	2067	608	0.294146	0.294146
2530	2001	0	0	0	0
2531	1993	13	0	0	0
2532	2000	0	0	0	0
2533	1987	1000	220	0.11072	0.22
2534	1909	0	0	0	0
2535	2527	11	0	0	0
2536	3001	2001	277	0.0923026	0.138431
2537	2873	272	0	0	0
2538	3033	1093	220	0.0725354	0.201281
2539	1420	1153	220	0.15493	0.190807
2540	1903	1000	220	0.115607	0.22
2541	2219	0	0	0	0
2542	2517	0	0	0	0
2543	2418	0	0	0	0
2544	2059	0	0	0	0
2545	1597	786	220	0.137758	0.279898
2546	1493	0	0	0	0
2547	2705	880	0	0	0
2548	1436	0	0	0	0
2549	2026	1115	395	0.194965	0.35426
2550	1916	1916	17876	9.32985	9.32985
2551	1510	233	0	0	0
2552	1448	1448	220	0.151934	0.151934
2553	3082	1621	220	0.0713822	0.135719
2554	4042	1000	220	0.0544285	0.22
2555	2936	1427	427	0.145436	0.299229
2556	2555	0	0	0	0
2557	2363	1871	1071	0.453237	0.572421
2558	1365	707	127	0.0930403	0.179632
2559	3025	756	200	0.0661157	0.26455
2560	2987	1987	220	0.0736525	0.11072
2561	1597	0	0	0	0
2562	1979	629	189	0.0955028	0.300477
2563	1709	1698	660	0.386191	0.388693
2564	2592	1000	220	0.0848765	0.22
2565	2843	2204	624	0.219486	0.283122
2566	2257	2257	2742	1.21489	1.21489
2567	2176	710	0	0	0
2568	3524	3524	14127	4.0088	4.0088
2569	2001	1506	1066	0.532734	0.707835
2570	2978	1000	220	0.0738751	0.22
2571	2550	0	0	0	0
2572	2432	555	0	0	0
2573	2816	0	0	0	0
2574	2372	2372	880	0.370995	0.370995
2575	2384	384	0	0	0
2576	2260	1922	660	0.292035	0.343392
2577	2380	426	0	0	0
2578	1927	0	0	0	0
2579	3007	0	0	0	0
2580	2435	1104	244	0.100205	0.221014
