0	639	639	426	0.666667	0.666667
1	1641	1641	3378	2.0585	2.0585
2	1309	1309	1386	1.05882	1.05882
3	1162	1162	750	0.645439	0.645439
4	1390	1093	1540	1.10791	1.40897
5	1568	0	0	0	0
6	1599	1599	860	0.537836	0.537836
7	1433	686	0	0	0
8	1413	1413	593	0.419674	0.419674
9	1616	1616	2467	1.52661	1.52661
10	1336	1336	1048	0.784431	0.784431
11	1299	1299	660	0.508083	0.508083
12	1664	1664	1300	0.78125	0.78125
13	1611	1362	220	0.136561	0.161527
14	1645	1645	1180	0.717325	0.717325
15	1410	1410	640	0.453901	0.453901
16	920	920	660	0.717391	0.717391
17	1562	1562	1374	0.879641	0.879641
18	1581	1581	440	0.278305	0.278305
19	1576	1576	334	0.211929	0.211929
20	1259	1259	710	0.56394	0.56394
21	1322	1322	2926	2.21331	2.21331
22	849	849	220	0.259128	0.259128
23	1281	1281	654	0.510539	0.510539
24	1098	1098	1615	1.47086	1.47086
25	1192	1192	220	0.184564	0.184564
26	715	715	515	0.72028	0.72028
27	1058	1058	440	0.415879	0.415879
28	972	972	220	0.226337	0.226337
29	892	533	440	0.493274	0.825516
30	1929	1671	811	0.420425	0.485338
31	1135	1135	440	0.387665	0.387665
32	1284	1284	440	0.342679	0.342679
33	1006	1006	660	0.656064	0.656064
34	1283	1283	2827	2.20343	2.20343
35	970	970	1616	1.66598	1.66598
36	929	929	435	0.468245	0.468245
37	2047	0	0	0	0
38	825	825	440	0.533333	0.533333
39	892	892	305	0.341928	0.341928
40	1144	1144	2420	2.11538	2.11538
41	620	620	559	0.901613	0.901613
42	1340	1340	555	0.414179	0.414179
43	916	916	772	0.842795	0.842795
44	1013	1013	666	0.657453	0.657453
45	462	462	440	0.952381	0.952381
46	1507	1121	860	0.57067	0.767172
47	611	611	884	1.44681	1.44681
48	859	859	537	0.625146	0.625146
49	1240	684	84	0.0677419	0.122807
50	951	951	565	0.594111	0.594111
51	1430	1430	1709	1.1951	1.1951
52	1092	1092	2180	1.99634	1.99634
53	1121	1121	660	0.58876	0.58876
54	1400	1400	780	0.557143	0.557143
55	1127	1127	547	0.485359	0.485359
56	1189	1189	840	0.706476	0.706476
57	1052	1052	412	0.391635	0.391635
58	1466	852	152	0.103683	0.178404
59	858	858	1716	2	2
60	906	906	1032	1.13907	1.13907
61	1376	1376	2376	1.72674	1.72674
62	729	729	945	1.2963	1.2963
63	1424	1424	2618	1.83848	1.83848
64	1241	879	440	0.354553	0.500569
65	1099	1099	2550	2.32029	2.32029
66	961	961	1109	1.15401	1.15401
67	1281	1281	440	0.343482	0.343482
68	862	862	220	0.25522	0.25522
69	918	310	0	0	0
70	660	660	220	0.333333	0.333333
71	1155	1155	1403	1.21472	1.21472
72	846	846	643	0.760047	0.760047
73	1301	1301	440	0.338201	0.338201
74	1547	1547	423	0.273432	0.273432
75	1338	1338	1075	0.803438	0.803438
76	850	850	1480	1.74118	1.74118
77	1223	1223	440	0.359771	0.359771
78	1168	1168	200	0.171233	0.171233
79	1500	1500	393	0.262	0.262
80	1243	1243	220	0.176991	0.176991
81	1255	1255	835	0.665339	0.665339
82	905	652	440	0.486188	0.674847
83	1309	1309	1113	0.850267	0.850267
84	735	0	0	0	0
85	1160	1160	1120	0.965517	0.965517
86	1314	1314	0	0	0
87	1137	1137	774	0.680739	0.680739
88	1328	1184	1520	1.14458	1.28378
89	1513	1513	379	0.250496	0.250496
90	1465	186	0	0	0
91	1271	1271	394	0.309992	0.309992
92	1462	462	121	0.0827633	0.261905
93	1354	460	660	0.487445	1.43478
94	1598	1598	1311	0.820401	0.820401
95	3058	3058	4098	1.34009	1.34009
96	2273	2273	1760	0.774307	0.774307
97	1470	1470	2570	1.7483	1.7483
98	1910	1272	2052	1.07435	1.61321
99	1853	1853	2526	1.36319	1.36319
100	1244	1244	660	0.530547	0.530547
101	2020	1000	440	0.217822	0.44
102	1502	1502	1453	0.967377	0.967377
103	1749	1749	724	0.413951	0.413951
104	2890	2890	1110	0.384083	0.384083
105	1919	1567	440	0.229286	0.280791
106	1702	1702	1643	0.965335	0.965335
107	1689	1689	1473	0.872114	0.872114
108	2110	1776	220	0.104265	0.123874
109	776	242	0	0	0
110	999	999	1225	1.22623	1.22623
111	1259	1259	1320	1.04845	1.04845
112	2504	2504	1584	0.632588	0.632588
113	520	152	0	0	0
114	2605	2605	660	0.253359	0.253359
115	835	835	1320	1.58084	1.58084
116	779	779	199	0.255456	0.255456
117	1316	1316	596	0.452888	0.452888
118	974	0	0	0	0
119	1912	1912	1980	1.03556	1.03556
120	2085	2085	1674	0.802878	0.802878
121	2548	2548	1520	0.596546	0.596546
122	1616	1616	2148	1.32921	1.32921
123	1970	1970	660	0.335025	0.335025
124	2307	2307	660	0.286086	0.286086
125	1809	1809	660	0.364842	0.364842
126	1506	1506	1846	1.22576	1.22576
127	1661	1661	1960	1.18001	1.18001
128	3872	3872	3388	0.875	0.875
129	726	726	1406	1.93664	1.93664
130	1222	1222	440	0.360065	0.360065
131	1471	760	520	0.353501	0.684211
132	1630	1630	2514	1.54233	1.54233
133	1379	1379	2554	1.85207	1.85207
134	1467	1467	880	0.599864	0.599864
135	1645	1645	1980	1.20365	1.20365
136	1885	1885	1443	0.765517	0.765517
137	1563	563	0	0	0
138	1210	1210	1264	1.04463	1.04463
139	1334	1334	846	0.634183	0.634183
140	1187	0	0	0	0
141	1406	1406	1098	0.780939	0.780939
142	1065	1065	1520	1.42723	1.42723
143	1238	1238	875	0.706785	0.706785
144	1552	1335	880	0.56701	0.659176
145	1559	1153	220	0.141116	0.190807
146	1306	349	0	0	0
147	1350	1350	2052	1.52	1.52
148	1435	1435	1077	0.750523	0.750523
149	1614	1614	3688	2.28501	2.28501
150	827	827	440	0.532044	0.532044
151	1903	1903	1331	0.699422	0.699422
152	1337	1337	1888	1.41212	1.41212
153	1461	1461	438	0.299795	0.299795
154	1042	1042	720	0.690979	0.690979
155	1648	83	0	0	0
156	1208	1208	1058	0.875828	0.875828
157	1430	1430	2468	1.72587	1.72587
158	1363	1363	660	0.484226	0.484226
159	1693	1693	1175	0.694034	0.694034
160	1203	1203	1760	1.46301	1.46301
161	1198	1198	123	0.102671	0.102671
162	1363	1362	1162	0.852531	0.853157
163	1506	1506	1945	1.2915	1.2915
164	2339	2339	880	0.376229	0.376229
165	2166	2166	3494	1.61311	1.61311
166	2250	1250	880	0.391111	0.704
167	1334	1334	1590	1.1919	1.1919
168	1818	1818	1320	0.726073	0.726073
169	2011	2011	3536	1.75833	1.75833
170	2163	2163	440	0.203421	0.203421
171	1743	1743	1940	1.11302	1.11302
172	1329	1329	220	0.165538	0.165538
173	1296	1296	393	0.303241	0.303241
174	1072	913	733	0.683769	0.802848
175	1803	1803	1746	0.968386	0.968386
176	1591	1591	1430	0.898806	0.898806
177	937	300	40	0.0426894	0.133333
178	970	970	2164	2.23093	2.23093
179	1462	1462	1887	1.2907	1.2907
180	1560	1560	440	0.282051	0.282051
181	1687	1687	220	0.130409	0.130409
182	1610	758	638	0.396273	0.841689
183	1641	1641	1318	0.803169	0.803169
184	1468	1468	1468	1	1
185	1727	1727	1500	0.868558	0.868558
186	1303	1303	205	0.157329	0.157329
187	1806	829	440	0.243632	0.53076
188	1541	1541	1080	0.700844	0.700844
189	1564	1464	220	0.140665	0.150273
190	672	672	1156	1.72024	1.72024
191	1593	1593	1363	0.855618	0.855618
192	1004	209	0	0	0
193	1042	1042	510	0.489443	0.489443
194	1800	1800	1940	1.07778	1.07778
195	1304	919	220	0.168712	0.239391
196	2487	1221	880	0.35384	0.720721
197	1358	48	0	0	0
198	1264	1264	353	0.279272	0.279272
199	1022	586	266	0.260274	0.453925
200	1992	1992	964	0.483936	0.483936
201	592	592	836	1.41216	1.41216
202	1904	1904	938	0.492647	0.492647
203	1505	1505	2070	1.37542	1.37542
204	1649	1611	871	0.528199	0.540658
205	1509	1509	1740	1.15308	1.15308
206	1762	1762	868	0.492622	0.492622
207	1712	1712	2200	1.28505	1.28505
208	1527	1527	1187	0.777341	0.777341
209	1153	1153	293	0.25412	0.25412
210	1355	1355	762	0.562362	0.562362
211	1412	1412	2072	1.46742	1.46742
212	1017	1017	2827	2.77974	2.77974
213	1255	1255	2031	1.61833	1.61833
214	1015	1015	304	0.299507	0.299507
215	1562	1562	2369	1.51665	1.51665
216	1920	1920	2932	1.52708	1.52708
217	1626	1626	3886	2.38991	2.38991
218	932	932	1160	1.24464	1.24464
219	1340	930	970	0.723881	1.04301
220	1224	910	110	0.0898693	0.120879
221	514	514	66	0.128405	0.128405
222	484	484	800	1.65289	1.65289
223	875	875	816	0.932571	0.932571
224	1024	392	0	0	0
225	720	720	1300	1.80556	1.80556
226	2231	2231	1060	0.475123	0.475123
227	1266	1266	801	0.632701	0.632701
228	785	785	394	0.501911	0.501911
229	855	855	1049	1.2269	1.2269
230	1638	1638	220	0.13431	0.13431
231	1531	1531	0	0	0
232	1009	682	440	0.436075	0.645161
233	1320	1320	1705	1.29167	1.29167
234	1421	1421	1182	0.831809	0.831809
235	560	560	260	0.464286	0.464286
236	1021	1021	1700	1.66503	1.66503
237	1019	1019	220	0.215898	0.215898
238	1822	1822	3268	1.79363	1.79363
239	1019	1019	1046	1.0265	1.0265
240	1703	1703	2392	1.40458	1.40458
241	1111	1111	2047	1.84248	1.84248
242	614	388	548	0.892508	1.41237
243	742	742	944	1.27224	1.27224
244	1337	337	302	0.225879	0.896142
245	1222	1222	629	0.51473	0.51473
246	1551	1551	2617	1.6873	1.6873
247	1305	1305	1262	0.96705	0.96705
248	1122	459	339	0.302139	0.738562
249	709	709	778	1.09732	1.09732
250	2028	2010	1100	0.542406	0.547264
251	1197	1197	990	0.827068	0.827068
252	1325	1325	1678	1.26642	1.26642
253	453	453	617	1.36203	1.36203
254	858	858	1005	1.17133	1.17133
255	1405	1405	1164	0.82847	0.82847
256	751	751	880	1.17177	1.17177
257	663	663	930	1.40271	1.40271
258	612	612	662	1.0817	1.0817
259	1332	1332	852	0.63964	0.63964
260	1048	1048	220	0.209924	0.209924
261	967	967	757	0.782834	0.782834
262	782	782	642	0.820972	0.820972
263	1164	1164	1864	1.60137	1.60137
264	632	632	1644	2.60127	2.60127
265	606	606	83	0.136964	0.136964
266	1105	1105	1100	0.995475	0.995475
267	1102	1016	220	0.199637	0.216535
268	721	721	463	0.642164	0.642164
269	1898	1898	3072	1.61855	1.61855
270	1599	1599	1760	1.10069	1.10069
271	501	501	421	0.840319	0.840319
272	1588	1588	2180	1.3728	1.3728
273	909	836	220	0.242024	0.263158
274	613	613	827	1.3491	1.3491
275	816	816	402	0.492647	0.492647
276	321	321	0	0	0
277	648	648	1956	3.01852	3.01852
278	609	609	1278	2.09852	2.09852
279	1109	1109	1074	0.96844	0.96844
280	759	759	570	0.750988	0.750988
281	1545	1545	616	0.398706	0.398706
282	1367	1367	220	0.160936	0.160936
283	1602	1602	862	0.538077	0.538077
284	2211	2211	2860	1.29353	1.29353
285	524	524	140	0.267176	0.267176
286	1137	1137	1215	1.0686	1.0686
287	1449	1449	794	0.547964	0.547964
288	1438	1438	1100	0.764951	0.764951
289	757	757	335	0.442536	0.442536
290	1473	1473	1996	1.35506	1.35506
291	1117	1117	220	0.196956	0.196956
292	720	342	0	0	0
293	778	778	0	0	0
294	1323	1323	2043	1.54422	1.54422
295	1712	1712	860	0.502336	0.502336
296	881	881	461	0.523269	0.523269
297	1258	1258	227	0.180445	0.180445
298	681	681	423	0.621145	0.621145
299	1898	1898	1320	0.695469	0.695469
300	525	525	110	0.209524	0.209524
301	709	709	880	1.24118	1.24118
302	428	428	598	1.3972	1.3972
303	1045	0	0	0	0
304	700	700	786	1.12286	1.12286
305	705	705	1131	1.60426	1.60426
306	440	440	104	0.236364	0.236364
307	748	748	1298	1.73529	1.73529
308	1355	1355	1518	1.1203	1.1203
309	1819	1819	640	0.351842	0.351842
310	1311	975	660	0.503432	0.676923
311	770	770	1029	1.33636	1.33636
312	704	704	452	0.642045	0.642045
313	1023	1023	354	0.346041	0.346041
314	974	974	1100	1.12936	1.12936
315	705	39	0	0	0
316	2149	2149	1760	0.818986	0.818986
317	2976	2976	1471	0.494288	0.494288
318	1200	1200	1464	1.22	1.22
319	883	883	424	0.480181	0.480181
320	902	902	2443	2.70843	2.70843
321	1674	1674	2855	1.7055	1.7055
322	1127	951	0	0	0
323	714	714	1828	2.56022	2.56022
324	521	521	426	0.817658	0.817658
325	1037	1037	1219	1.17551	1.17551
326	967	967	596	0.616339	0.616339
327	709	709	317	0.447109	0.447109
328	595	595	1350	2.26891	2.26891
329	1133	1133	953	0.84113	0.84113
330	1453	374	248	0.170681	0.663102
331	1224	1224	964	0.787582	0.787582
332	1606	1606	2898	1.80448	1.80448
333	1704	1704	4132	2.42488	2.42488
334	1041	1041	301	0.289145	0.289145
335	1046	1046	1696	1.62141	1.62141
336	881	881	660	0.749149	0.749149
337	820	820	860	1.04878	1.04878
338	1260	1260	244	0.193651	0.193651
339	1013	1013	1033	1.01974	1.01974
340	1454	1454	2347	1.61417	1.61417
341	858	333	0	0	0
342	1690	210	30	0.0177515	0.142857
343	889	889	483	0.543307	0.543307
344	1066	1066	116	0.108818	0.108818
345	1215	1215	1633	1.34403	1.34403
346	1321	321	142	0.107494	0.442368
347	1012	1012	440	0.434783	0.434783
348	602	602	2264	3.7608	3.7608
349	677	677	0	0	0
350	505	505	824	1.63168	1.63168
351	800	800	220	0.275	0.275
352	722	0	0	0	0
353	1564	1564	2420	1.54731	1.54731
354	1624	1624	2540	1.56404	1.56404
355	615	615	23	0.0373984	0.0373984
356	1022	1022	880	0.861057	0.861057
357	1810	1810	1740	0.961326	0.961326
358	1664	1664	4248	2.55288	2.55288
359	1020	1020	545	0.534314	0.534314
360	969	969	789	0.814241	0.814241
361	847	365	325	0.383707	0.890411
362	1064	1064	993	0.933271	0.933271
363	957	139	59	0.061651	0.42446
364	1724	913	933	0.541183	1.02191
365	1713	1713	2045	1.19381	1.19381
366	603	603	1436	2.38143	2.38143
367	767	767	1920	2.50326	2.50326
368	781	781	510	0.653009	0.653009
369	1024	1024	640	0.625	0.625
370	772	772	572	0.740933	0.740933
371	938	938	592	0.63113	0.63113
372	872	872	1504	1.72477	1.72477
373	929	929	440	0.473628	0.473628
374	556	556	45	0.0809353	0.0809353
375	526	526	440	0.836502	0.836502
376	824	824	220	0.26699	0.26699
377	986	986	660	0.669371	0.669371
378	1173	1173	788	0.671782	0.671782
379	1401	1401	1326	0.946467	0.946467
380	2748	1748	880	0.320233	0.503432
381	2170	1476	536	0.247005	0.363144
382	1687	1687	220	0.130409	0.130409
383	2166	2166	1760	0.812558	0.812558
384	1431	1431	683	0.477289	0.477289
385	531	531	1043	1.96422	1.96422
386	3237	3237	6178	1.90856	1.90856
387	731	731	1273	1.74145	1.74145
388	758	758	220	0.290237	0.290237
389	1876	1876	620	0.33049	0.33049
390	992	992	3274	3.3004	3.3004
391	703	703	1166	1.65861	1.65861
392	704	704	384	0.545455	0.545455
393	643	643	343	0.533437	0.533437
394	811	811	139	0.171393	0.171393
395	654	363	63	0.0963303	0.173554
396	999	999	797	0.797798	0.797798
397	1089	1089	2418	2.22039	2.22039
398	905	905	291	0.321547	0.321547
399	786	786	764	0.97201	0.97201
400	751	751	151	0.201065	0.201065
401	898	0	0	0	0
402	1418	1200	220	0.155148	0.183333
403	1158	1158	220	0.189983	0.189983
404	964	964	1854	1.92324	1.92324
405	1015	1015	46	0.0453202	0.0453202
406	866	380	0	0	0
407	850	850	209	0.245882	0.245882
408	945	945	710	0.751323	0.751323
409	850	850	220	0.258824	0.258824
410	1062	925	220	0.207156	0.237838
411	733	251	0	0	0
412	971	971	731	0.752832	0.752832
413	632	632	206	0.325949	0.325949
414	721	721	220	0.305132	0.305132
415	1101	1101	760	0.690282	0.690282
416	1148	608	0	0	0
417	1113	1113	809	0.726864	0.726864
418	607	607	131	0.215815	0.215815
419	838	838	1930	2.3031	2.3031
420	641	641	862	1.34477	1.34477
421	906	906	1346	1.48565	1.48565
422	1075	1075	860	0.8	0.8
423	854	854	440	0.515222	0.515222
424	514	514	341	0.663424	0.663424
425	1754	1754	1317	0.750855	0.750855
426	1213	1213	577	0.47568	0.47568
427	605	605	68	0.112397	0.112397
428	1275	1275	2815	2.20784	2.20784
429	739	739	799	1.08119	1.08119
430	1056	1056	558	0.528409	0.528409
431	557	557	550	0.987433	0.987433
432	653	653	1140	1.74579	1.74579
433	562	562	2039	3.62811	3.62811
434	503	503	0	0	0
435	639	639	1103	1.72613	1.72613
436	1036	442	162	0.156371	0.366516
437	554	554	367	0.662455	0.662455
438	1199	1142	822	0.685571	0.71979
439	549	549	440	0.801457	0.801457
440	2100	2100	500	0.238095	0.238095
441	512	512	312	0.609375	0.609375
442	801	801	657	0.820225	0.820225
443	599	599	766	1.2788	1.2788
444	513	513	235	0.45809	0.45809
445	1637	1637	440	0.268784	0.268784
446	1200	1200	973	0.810833	0.810833
447	850	850	3040	3.57647	3.57647
448	349	349	392	1.12321	1.12321
449	699	699	1790	2.5608	2.5608
450	1301	1301	608	0.467333	0.467333
451	374	374	387	1.03476	1.03476
452	899	899	518	0.576196	0.576196
453	899	899	220	0.244716	0.244716
454	900	900	1928	2.14222	2.14222
455	1238	1238	2216	1.78998	1.78998
456	899	899	803	0.893215	0.893215
457	717	717	220	0.306834	0.306834
458	627	106	0	0	0
459	2086	2086	4121	1.97555	1.97555
460	2333	2295	2860	1.22589	1.24619
461	2171	1371	640	0.294795	0.466813
462	2123	2123	1456	0.685822	0.685822
463	1575	1575	3984	2.52952	2.52952
464	1487	1487	2420	1.62744	1.62744
465	2015	2015	1540	0.764268	0.764268
466	1193	1193	808	0.677284	0.677284
467	1578	824	364	0.230672	0.441748
468	1121	1121	440	0.392507	0.392507
469	1114	979	579	0.519749	0.59142
470	1414	1414	574	0.405941	0.405941
471	2170	2170	5707	2.62995	2.62995
472	1031	1031	1734	1.68186	1.68186
473	1435	868	440	0.30662	0.506912
474	1279	1279	620	0.484754	0.484754
475	1426	1426	1786	1.25245	1.25245
476	1752	1217	440	0.251142	0.361545
477	1576	1576	226	0.143401	0.143401
478	1069	1069	1949	1.8232	1.8232
479	1965	1965	3520	1.79135	1.79135
480	1053	1053	360	0.34188	0.34188
481	1730	249	89	0.0514451	0.35743
482	1022	1022	1080	1.05675	1.05675
483	1720	1720	660	0.383721	0.383721
484	907	907	1018	1.12238	1.12238
485	894	894	440	0.49217	0.49217
486	1059	569	627	0.592068	1.10193
487	1103	905	265	0.240254	0.292818
488	784	784	220	0.280612	0.280612
489	2382	2382	660	0.277078	0.277078
490	2220	1478	1760	0.792793	1.1908
491	1409	1409	4107	2.91483	2.91483
492	834	834	497	0.595923	0.595923
493	1296	1296	1536	1.18519	1.18519
494	1848	1848	2084	1.12771	1.12771
495	1357	1357	1775	1.30803	1.30803
496	995	995	1163	1.16884	1.16884
497	1285	1285	2415	1.87938	1.87938
498	977	130	10	0.0102354	0.0769231
499	1883	1326	440	0.23367	0.331825
500	1308	1308	440	0.336391	0.336391
501	1097	1097	1540	1.40383	1.40383
502	1409	1409	1552	1.10149	1.10149
503	1479	1479	1540	1.04124	1.04124
504	929	880	220	0.236814	0.25
505	1088	1088	1524	1.40074	1.40074
506	1480	335	0	0	0
507	1093	1093	653	0.597438	0.597438
508	1022	1022	2386	2.33464	2.33464
509	776	0	0	0	0
510	1141	1141	462	0.404908	0.404908
511	2303	1398	880	0.38211	0.629471
512	681	681	440	0.646109	0.646109
513	1006	1006	660	0.656064	0.656064
514	1080	0	0	0	0
515	904	904	543	0.600664	0.600664
516	1365	1365	483	0.353846	0.353846
517	1334	1334	1760	1.31934	1.31934
518	1635	1635	1540	0.941896	0.941896
519	1008	1008	1320	1.30952	1.30952
520	1235	1235	1310	1.06073	1.06073
521	1322	1322	1182	0.8941	0.8941
522	1142	1142	660	0.577933	0.577933
523	1334	0	0	0	0
524	1677	1677	1797	1.07156	1.07156
525	1025	1025	925	0.902439	0.902439
526	1136	1136	220	0.193662	0.193662
527	1307	1181	440	0.336649	0.372566
528	1053	1053	220	0.208927	0.208927
529	873	469	118	0.135166	0.251599
530	1276	1276	388	0.304075	0.304075
531	977	977	848	0.867963	0.867963
532	1891	1891	2380	1.25859	1.25859
533	1305	1305	440	0.337165	0.337165
534	1798	1798	2840	1.57953	1.57953
535	1143	737	317	0.27734	0.430122
536	855	855	880	1.02924	1.02924
537	1653	1653	2556	1.54628	1.54628
538	838	362	220	0.26253	0.607735
539	811	494	220	0.27127	0.445344
540	1628	1628	896	0.550369	0.550369
541	1356	1356	291	0.214602	0.214602
542	1096	448	328	0.29927	0.732143
543	1055	1055	367	0.347867	0.347867
544	1472	1472	2612	1.77446	1.77446
545	1676	1676	1760	1.05012	1.05012
546	743	702	464	0.624495	0.660969
547	944	944	580	0.614407	0.614407
548	924	924	1420	1.5368	1.5368
549	1450	1450	1300	0.896552	0.896552
550	1350	1350	1370	1.01481	1.01481
551	768	768	128	0.166667	0.166667
552	503	503	608	1.20875	1.20875
553	1123	343	0	0	0
554	1223	1223	631	0.515944	0.515944
555	1644	1644	3040	1.84915	1.84915
556	872	872	1856	2.12844	2.12844
557	581	581	872	1.50086	1.50086
558	1375	1375	440	0.32	0.32
559	1656	1656	1000	0.603865	0.603865
560	759	759	296	0.389987	0.389987
561	1660	963	660	0.39759	0.685358
562	1137	1137	0	0	0
563	1451	1451	2209	1.5224	1.5224
564	1377	1377	964	0.700073	0.700073
565	1059	1059	1319	1.24551	1.24551
566	1259	1259	2477	1.96743	1.96743
567	883	883	220	0.249151	0.249151
568	949	949	694	0.731296	0.731296
569	950	0	0	0	0
570	1287	1287	160	0.12432	0.12432
571	1049	1049	1338	1.2755	1.2755
572	1246	1246	946	0.75923	0.75923
573	902	902	1522	1.68736	1.68736
574	1154	1154	880	0.762565	0.762565
575	1049	1049	1430	1.3632	1.3632
576	1331	1331	823	0.618332	0.618332
577	1003	1003	957	0.954138	0.954138
578	1384	1384	1655	1.19581	1.19581
579	1359	1359	678	0.498896	0.498896
580	1160	1160	440	0.37931	0.37931
581	1614	1614	2714	1.68154	1.68154
582	958	958	440	0.45929	0.45929
583	1727	1727	880	0.509554	0.509554
584	1141	1141	2962	2.59597	2.59597
585	1243	1243	660	0.530973	0.530973
586	748	748	0	0	0
587	1859	1859	1980	1.06509	1.06509
588	1250	1250	1289	1.0312	1.0312
589	1657	1657	440	0.26554	0.26554
590	1762	1762	1804	1.02384	1.02384
591	1148	0	0	0	0
592	1086	1086	834	0.767956	0.767956
593	798	798	1242	1.55639	1.55639
594	784	784	1290	1.64541	1.64541
595	964	964	1399	1.45124	1.45124
596	1207	906	440	0.36454	0.485651
597	809	809	220	0.271941	0.271941
598	1014	1014	611	0.602564	0.602564
599	992	543	503	0.507056	0.926335
600	929	929	0	0	0
601	1233	1233	1715	1.39092	1.39092
602	1247	1247	2494	2	2
603	1279	87	0	0	0
604	1074	1074	660	0.614525	0.614525
605	1153	1153	1984	1.72073	1.72073
606	1273	1273	1591	1.2498	1.2498
607	1117	1117	1000	0.895255	0.895255
608	1041	1041	776	0.745437	0.745437
609	1242	1242	412	0.331723	0.331723
610	1141	1141	2046	1.79316	1.79316
611	1106	1106	2352	2.12658	2.12658
612	1718	1718	821	0.477881	0.477881
613	1101	1101	440	0.399637	0.399637
614	1118	1118	1516	1.35599	1.35599
615	1015	185	185	0.182266	1
616	1382	1382	440	0.318379	0.318379
617	847	847	420	0.495868	0.495868
618	918	753	440	0.479303	0.584329
619	1254	1254	2408	1.92026	1.92026
620	1213	1213	212	0.174773	0.174773
621	1540	1241	440	0.285714	0.354553
622	1321	0	0	0	0
623	1313	1313	1363	1.03808	1.03808
624	1065	892	404	0.379343	0.452915
625	875	875	660	0.754286	0.754286
626	1017	1017	1684	1.65585	1.65585
627	973	973	440	0.45221	0.45221
628	1350	1350	632	0.468148	0.468148
629	677	677	452	0.667651	0.667651
630	1299	1299	2573	1.98075	1.98075
631	821	666	220	0.267966	0.33033
632	971	971	220	0.226571	0.226571
633	652	652	220	0.337423	0.337423
634	1191	1191	1814	1.52309	1.52309
635	665	665	1955	2.93985	2.93985
636	1065	1065	2561	2.40469	2.40469
637	1187	1187	440	0.370682	0.370682
638	1229	1229	660	0.537022	0.537022
639	742	0	0	0	0
640	1137	1137	735	0.646438	0.646438
641	1330	597	220	0.165414	0.368509
642	1040	1040	1847	1.77596	1.77596
643	1221	1221	563	0.461097	0.461097
644	1332	642	122	0.0915916	0.190031
645	1630	1429	220	0.134969	0.153954
646	769	720	440	0.572172	0.611111
647	943	943	486	0.515376	0.515376
648	1183	1133	1233	1.04227	1.08826
649	1461	1461	441	0.301848	0.301848
650	1285	1285	455	0.354086	0.354086
651	799	80	0	0	0
652	932	932	220	0.236052	0.236052
653	1143	1143	654	0.572178	0.572178
654	857	305	85	0.0991832	0.278689
655	1077	1077	1559	1.44754	1.44754
656	1065	1065	1056	0.991549	0.991549
657	1174	1174	440	0.374787	0.374787
658	1329	1329	1749	1.31603	1.31603
659	907	645	220	0.242558	0.341085
660	901	901	440	0.488346	0.488346
661	903	903	1763	1.95238	1.95238
662	1370	1370	1760	1.28467	1.28467
663	1058	1058	1275	1.2051	1.2051
664	974	974	220	0.225873	0.225873
665	1272	1272	640	0.503145	0.503145
666	1075	1075	220	0.204651	0.204651
667	1160	1160	640	0.551724	0.551724
668	1270	1270	1064	0.837795	0.837795
669	1096	1096	1834	1.67336	1.67336
670	786	786	1075	1.36768	1.36768
671	1524	1524	2496	1.6378	1.6378
672	1138	1138	393	0.345343	0.345343
673	1022	1022	1721	1.68395	1.68395
674	1088	1088	1932	1.77574	1.77574
675	856	856	1600	1.86916	1.86916
676	1237	1237	572	0.462409	0.462409
677	1067	612	112	0.104967	0.183007
678	729	580	220	0.301783	0.37931
679	1284	1284	660	0.514019	0.514019
680	2141	2141	1568	0.732368	0.732368
681	1179	1179	660	0.559796	0.559796
682	1084	590	660	0.608856	1.11864
683	1231	1231	220	0.178716	0.178716
684	1877	943	303	0.161428	0.321315
685	1421	1421	660	0.464462	0.464462
686	1041	1041	440	0.422671	0.422671
687	976	976	660	0.67623	0.67623
688	1185	1185	489	0.412658	0.412658
689	1589	1589	1898	1.19446	1.19446
690	914	340	140	0.153173	0.411765
691	1234	410	0	0	0
692	1050	1050	2488	2.36952	2.36952
693	857	857	212	0.247375	0.247375
694	1576	727	200	0.126904	0.275103
695	688	688	448	0.651163	0.651163
696	1696	1487	807	0.475825	0.542703
697	1512	1512	515	0.340608	0.340608
698	1192	1192	1327	1.11326	1.11326
699	1107	1107	440	0.397471	0.397471
700	1195	1195	3198	2.67615	2.67615
701	810	810	640	0.790123	0.790123
702	1545	1545	660	0.427184	0.427184
703	1006	1006	726	0.72167	0.72167
704	634	634	437	0.689274	0.689274
705	1399	1399	440	0.31451	0.31451
706	1301	725	485	0.37279	0.668966
707	902	902	440	0.487805	0.487805
708	1113	1113	760	0.682839	0.682839
709	1134	1134	1364	1.20282	1.20282
710	1661	1661	1934	1.16436	1.16436
711	1101	1101	2551	2.31698	2.31698
712	1117	1117	365	0.326768	0.326768
713	1685	1685	585	0.347181	0.347181
714	1331	1331	880	0.661157	0.661157
715	1610	1610	1980	1.22981	1.22981
716	904	904	771	0.852876	0.852876
717	670	670	950	1.41791	1.41791
718	930	930	1228	1.32043	1.32043
719	1279	1098	218	0.170446	0.198543
720	928	0	0	0	0
721	1500	1500	574	0.382667	0.382667
722	1283	1283	1100	0.857366	0.857366
723	776	776	200	0.257732	0.257732
724	686	686	565	0.823615	0.823615
725	895	895	311	0.347486	0.347486
726	1297	1297	1031	0.794911	0.794911
727	975	0	0	0	0
728	1313	1313	928	0.706778	0.706778
729	886	520	20	0.0225734	0.0384615
730	1119	1119	919	0.821269	0.821269
731	1091	0	0	0	0
732	1197	89	0	0	0
733	1274	1274	1976	1.55102	1.55102
734	803	586	0	0	0
735	785	785	1065	1.35669	1.35669
736	973	973	1228	1.26208	1.26208
737	1226	1226	506	0.412724	0.412724
738	841	730	220	0.261593	0.30137
739	941	941	121	0.128587	0.128587
740	1028	791	231	0.224708	0.292035
741	1283	1283	985	0.767732	0.767732
742	1740	1740	2920	1.67816	1.67816
743	870	870	44	0.0505747	0.0505747
744	849	849	220	0.259128	0.259128
745	1143	1143	678	0.593176	0.593176
746	1591	1591	2248	1.41295	1.41295
747	1401	455	220	0.157031	0.483516
748	1071	1071	2211	2.06443	2.06443
749	2019	2019	3549	1.7578	1.7578
750	1122	1122	917	0.817291	0.817291
751	1041	1041	811	0.779059	0.779059
752	993	993	1497	1.50755	1.50755
753	1098	602	42	0.0382514	0.0697674
754	947	947	1960	2.06969	2.06969
755	715	715	220	0.307692	0.307692
756	615	370	220	0.357724	0.594595
757	1400	1400	1689	1.20643	1.20643
758	981	981	220	0.224261	0.224261
759	983	226	66	0.0671414	0.292035
760	673	673	1136	1.68796	1.68796
761	824	288	0	0	0
762	1240	1240	687	0.554032	0.554032
763	1006	1006	2564	2.54871	2.54871
764	1043	531	173	0.165868	0.3258
765	949	949	723	0.761855	0.761855
766	1158	0	0	0	0
767	1288	1288	387	0.300466	0.300466
768	955	955	660	0.691099	0.691099
769	970	970	440	0.453608	0.453608
770	840	840	220	0.261905	0.261905
771	1436	1436	352	0.245125	0.245125
772	1697	1697	748	0.440778	0.440778
773	1750	1634	640	0.365714	0.391677
774	1600	1600	1760	1.1	1.1
775	818	818	220	0.268949	0.268949
776	1016	1016	1196	1.17717	1.17717
777	1283	1084	440	0.342946	0.405904
778	1280	0	0	0	0
779	1707	1707	1772	1.03808	1.03808
780	1906	1906	3499	1.83578	1.83578
781	951	951	220	0.231335	0.231335
782	1400	1400	2185	1.56071	1.56071
783	1132	1132	779	0.688163	0.688163
784	1612	1612	220	0.136476	0.136476
785	2442	2442	4030	1.65029	1.65029
786	1323	1323	1523	1.15117	1.15117
787	1670	1670	880	0.526946	0.526946
788	1466	960	2400	1.63711	2.5
789	1559	1559	1743	1.11802	1.11802
790	1832	1832	2015	1.09989	1.09989
791	888	721	220	0.247748	0.305132
792	2258	2258	3738	1.65545	1.65545
793	1718	195	310	0.180442	1.58974
794	1707	1707	440	0.257762	0.257762
795	2291	2291	860	0.375382	0.375382
796	1208	1208	2193	1.8154	1.8154
797	1613	915	220	0.136392	0.240437
798	1604	560	220	0.137157	0.392857
799	1818	1818	440	0.242024	0.242024
800	1277	1277	440	0.344558	0.344558
801	1909	1909	637	0.333683	0.333683
802	1409	1409	1264	0.89709	0.89709
803	774	774	1248	1.6124	1.6124
804	518	518	98	0.189189	0.189189
805	1052	1052	1152	1.09506	1.09506
806	975	975	1073	1.10051	1.10051
807	1608	1608	895	0.556592	0.556592
808	1382	489	0	0	0
809	998	998	660	0.661323	0.661323
810	774	0	0	0	0
811	930	716	220	0.236559	0.307263
812	986	173	0	0	0
813	1449	1449	1289	0.889579	0.889579
814	1337	1337	1070	0.800299	0.800299
815	1425	1425	660	0.463158	0.463158
816	868	868	188	0.21659	0.21659
817	765	194	74	0.096732	0.381443
818	577	577	220	0.381282	0.381282
819	1012	1012	1669	1.64921	1.64921
820	1309	1281	1041	0.795264	0.812646
821	711	0	0	0	0
822	2093	1544	808	0.386049	0.523316
823	1632	1632	2370	1.45221	1.45221
824	2570	2570	2573	1.00117	1.00117
825	2367	2367	2974	1.25644	1.25644
826	1669	1669	3442	2.06231	2.06231
827	1827	1827	2420	1.32458	1.32458
828	1171	1171	693	0.591802	0.591802
829	1416	952	132	0.0932203	0.138655
830	1665	1665	2170	1.3033	1.3033
831	1694	1694	5271	3.11157	3.11157
832	2860	2860	3004	1.05035	1.05035
833	1177	1177	1080	0.917587	0.917587
834	2276	2276	2596	1.1406	1.1406
835	1419	1419	1706	1.20226	1.20226
836	1872	1872	1980	1.05769	1.05769
837	1006	1006	1704	1.69384	1.69384
838	1405	1405	1667	1.18648	1.18648
839	1272	1272	1320	1.03774	1.03774
840	1919	1919	1244	0.648254	0.648254
841	2214	402	220	0.0993677	0.547264
842	1470	1470	2200	1.4966	1.4966
843	1236	1236	1320	1.06796	1.06796
844	1140	1140	1350	1.18421	1.18421
845	1404	1404	440	0.31339	0.31339
846	1866	1866	2620	1.40407	1.40407
847	1634	1634	825	0.504896	0.504896
848	1467	1467	736	0.501704	0.501704
849	1488	934	440	0.295699	0.471092
850	1461	1461	698	0.477755	0.477755
851	1473	1473	220	0.149355	0.149355
852	1753	1753	1470	0.838562	0.838562
853	1279	1254	420	0.328382	0.334928
854	1975	216	0	0	0
855	1912	1912	1746	0.91318	0.91318
856	1246	1246	833	0.668539	0.668539
857	1493	1493	1670	1.11855	1.11855
858	2030	2030	3810	1.87685	1.87685
859	1395	0	0	0	0
860	1141	1141	3176	2.78352	2.78352
861	1442	1442	1100	0.762829	0.762829
862	1312	1312	2952	2.25	2.25
863	1240	1240	1100	0.887097	0.887097
864	1424	1424	1024	0.719101	0.719101
865	1711	1711	2222	1.29866	1.29866
866	1492	1492	4430	2.96917	2.96917
867	1434	1332	392	0.273361	0.294294
868	1434	1434	4278	2.98326	2.98326
869	1889	1889	2123	1.12388	1.12388
870	1447	1447	2247	1.55287	1.55287
871	986	986	2366	2.39959	2.39959
872	1356	1130	610	0.449853	0.539823
873	1605	1605	1619	1.00872	1.00872
874	758	758	660	0.870712	0.870712
875	1635	1635	2034	1.24404	1.24404
876	1815	1815	2420	1.33333	1.33333
877	1552	1552	1049	0.675902	0.675902
878	2169	2169	1196	0.551406	0.551406
879	1318	1318	660	0.500759	0.500759
880	1378	1378	518	0.375907	0.375907
881	1805	1645	1265	0.700831	0.768997
882	1361	1270	1300	0.95518	1.02362
883	1957	1957	2939	1.50179	1.50179
884	1602	1602	572	0.357054	0.357054
885	1847	1847	1022	0.55333	0.55333
886	1438	1438	1506	1.04729	1.04729
887	1525	1525	2356	1.54492	1.54492
888	1344	1344	1260	0.9375	0.9375
889	1176	1176	1972	1.67687	1.67687
890	1343	1343	220	0.163812	0.163812
891	1631	1631	220	0.134887	0.134887
892	1564	985	660	0.421995	0.670051
893	2109	1912	1320	0.625889	0.690377
894	1301	1301	1314	1.00999	1.00999
895	786	786	220	0.279898	0.279898
896	1190	1190	3304	2.77647	2.77647
897	1406	1406	1229	0.874111	0.874111
898	1310	1310	220	0.167939	0.167939
899	1302	1219	440	0.337942	0.360952
900	1557	1557	1320	0.847784	0.847784
901	1639	267	220	0.134228	0.82397
902	1274	1274	2022	1.58713	1.58713
903	1468	1468	2030	1.38283	1.38283
904	2067	2067	1100	0.532172	0.532172
905	1535	1535	1874	1.22085	1.22085
906	2776	2776	2856	1.02882	1.02882
907	1307	1307	306	0.234124	0.234124
908	940	940	798	0.848936	0.848936
909	2982	2982	888	0.297787	0.297787
910	1514	1005	440	0.290621	0.437811
911	1276	1276	1316	1.03135	1.03135
912	1598	1598	2265	1.4174	1.4174
913	1408	1305	1765	1.25355	1.35249
914	1377	1262	402	0.291939	0.318542
915	1356	1356	496	0.365782	0.365782
916	1303	403	0	0	0
917	878	271	0	0	0
918	1342	1342	660	0.491803	0.491803
919	1758	0	0	0	0
920	2058	2058	2598	1.26239	1.26239
921	1504	1504	1520	1.01064	1.01064
922	1123	1123	2039	1.81567	1.81567
923	2672	2672	3852	1.44162	1.44162
924	2026	489	220	0.108588	0.449898
925	2016	1927	587	0.291171	0.304619
926	2482	1966	1426	0.574537	0.725331
927	1969	1421	1761	0.894363	1.23927
928	1270	1270	440	0.346457	0.346457
929	1111	0	0	0	0
930	1682	1682	2509	1.49168	1.49168
931	877	877	338	0.385405	0.385405
932	1201	1201	857	0.713572	0.713572
933	1467	1467	368	0.250852	0.250852
934	1430	1430	660	0.461538	0.461538
935	1497	1497	1108	0.740147	0.740147
936	1491	1491	440	0.295104	0.295104
937	1248	1038	118	0.0945513	0.11368
938	1162	1162	3274	2.81756	2.81756
939	1408	1137	1017	0.722301	0.894459
940	1335	1335	1086	0.813483	0.813483
941	1831	1831	2480	1.35445	1.35445
942	1358	1358	880	0.648012	0.648012
943	1054	1054	1520	1.44213	1.44213
944	2567	2567	3370	1.31282	1.31282
945	1016	1016	528	0.519685	0.519685
946	1397	1397	1917	1.37223	1.37223
947	999	999	2450	2.45245	2.45245
948	1382	1382	660	0.477569	0.477569
949	1664	1664	1540	0.925481	0.925481
950	1363	1363	2460	1.80484	1.80484
951	1120	1042	1262	1.12679	1.21113
952	1239	1239	812	0.655367	0.655367
953	1995	1995	644	0.322807	0.322807
954	1863	1863	3606	1.93559	1.93559
955	1408	1408	655	0.465199	0.465199
956	1261	1261	1791	1.4203	1.4203
957	1311	501	502	0.382914	1.002
958	1982	1173	440	0.221998	0.375107
959	1295	1295	1969	1.52046	1.52046
960	825	825	814	0.986667	0.986667
961	1351	1351	2806	2.07698	2.07698
962	1330	1330	440	0.330827	0.330827
963	1196	1196	154	0.128763	0.128763
964	1417	1417	1077	0.760056	0.760056
965	1129	914	440	0.389725	0.4814
966	1736	1265	220	0.126728	0.173913
967	1286	1286	874	0.679627	0.679627
968	1045	1045	440	0.421053	0.421053
969	1875	1214	440	0.234667	0.362438
970	1189	1189	1340	1.127	1.127
971	2608	1608	1100	0.421779	0.68408
972	1448	971	1320	0.911602	1.35942
973	1952	1952	1425	0.73002	0.73002
974	1099	1099	379	0.344859	0.344859
975	1797	1797	957	0.532554	0.532554
976	1271	1271	660	0.519276	0.519276
977	1263	1263	2464	1.95091	1.95091
978	1804	1804	1464	0.81153	0.81153
979	1316	1316	821	0.62386	0.62386
980	1372	1372	769	0.560496	0.560496
981	1937	1249	440	0.227155	0.352282
982	1137	1137	1320	1.16095	1.16095
983	1832	1832	2396	1.30786	1.30786
984	1159	1159	1807	1.5591	1.5591
985	1231	1231	2414	1.96101	1.96101
986	1209	1209	3634	3.00579	3.00579
987	1887	1433	440	0.233174	0.307048
988	1334	1334	962	0.721139	0.721139
989	1649	1449	898	0.544572	0.619738
990	933	933	440	0.471597	0.471597
991	2437	2437	4024	1.65121	1.65121
992	2753	2753	3040	1.10425	1.10425
993	1677	1677	2420	1.44305	1.44305
994	1285	1285	585	0.455253	0.455253
995	1331	1331	3572	2.6837	2.6837
996	1468	1468	880	0.599455	0.599455
997	1263	1263	803	0.635788	0.635788
998	1967	1967	1402	0.712761	0.712761
999	1343	1343	1100	0.819062	0.819062
1000	1340	1340	540	0.402985	0.402985
1001	1164	1164	220	0.189003	0.189003
1002	2860	2860	2640	0.923077	0.923077
1003	2014	2014	798	0.396226	0.396226
1004	810	810	1055	1.30247	1.30247
1005	1329	1329	1021	0.768247	0.768247
1006	2507	1881	220	0.0877543	0.116959
1007	1402	1402	754	0.537803	0.537803
1008	1287	1287	273	0.212121	0.212121
1009	1774	1774	2914	1.64262	1.64262
1010	2056	1603	640	0.311284	0.399251
1011	1800	1800	3120	1.73333	1.73333
1012	1356	513	386	0.284661	0.752437
1013	1452	1452	1068	0.735537	0.735537
1014	1313	0	0	0	0
1015	2351	2351	2290	0.974054	0.974054
1016	846	846	660	0.780142	0.780142
1017	1851	1851	562	0.30362	0.30362
1018	1250	1250	616	0.4928	0.4928
1019	996	996	2640	2.6506	2.6506
1020	1328	1328	1498	1.12801	1.12801
1021	1174	1174	2129	1.81346	1.81346
1022	1289	1289	660	0.512025	0.512025
1023	1358	1358	581	0.427835	0.427835
1024	1333	1333	880	0.660165	0.660165
1025	1209	1209	644	0.532672	0.532672
1026	1287	1287	208	0.161616	0.161616
1027	665	665	1465	2.20301	2.20301
1028	1385	1385	786	0.567509	0.567509
1029	1106	1106	610	0.551537	0.551537
1030	1221	1221	1892	1.54955	1.54955
1031	2465	2004	1288	0.522515	0.642715
1032	1412	1412	1665	1.17918	1.17918
1033	2671	2281	881	0.329839	0.386234
1034	1309	1309	1369	1.04584	1.04584
1035	1286	1286	440	0.342146	0.342146
1036	1194	514	534	0.447236	1.03891
1037	1333	1333	3172	2.37959	2.37959
1038	1229	643	0	0	0
1039	2159	1181	440	0.203798	0.372566
1040	1470	1470	1481	1.00748	1.00748
1041	1392	1392	441	0.31681	0.31681
1042	1229	921	440	0.358015	0.477742
1043	1299	1299	1371	1.05543	1.05543
1044	2164	2164	944	0.436229	0.436229
1045	2573	2573	1760	0.684026	0.684026
1046	1313	1313	660	0.502666	0.502666
1047	1507	1507	440	0.291971	0.291971
1048	1729	1729	5029	2.90862	2.90862
1049	1415	0	0	0	0
1050	1072	1072	644	0.600746	0.600746
1051	1447	1447	1407	0.972357	0.972357
1052	1489	1489	1089	0.731363	0.731363
1053	1459	1459	440	0.301576	0.301576
1054	2372	2372	860	0.362563	0.362563
1055	1151	1151	842	0.731538	0.731538
1056	1027	1027	527	0.513145	0.513145
1057	1147	1147	1262	1.10026	1.10026
1058	1760	1760	1468	0.834091	0.834091
1059	956	956	1113	1.16423	1.16423
1060	1285	1285	2088	1.6249	1.6249
1061	1110	1110	440	0.396396	0.396396
1062	1089	1089	1067	0.979798	0.979798
1063	1401	1401	666	0.475375	0.475375
1064	1345	1345	393	0.292193	0.292193
1065	535	535	311	0.581308	0.581308
1066	1452	1452	604	0.415978	0.415978
1067	2024	2024	2180	1.07708	1.07708
1068	949	949	513	0.540569	0.540569
1069	1126	1126	2154	1.91297	1.91297
1070	1517	1517	1436	0.946605	0.946605
1071	1111	1111	220	0.19802	0.19802
1072	1701	1701	636	0.373898	0.373898
1073	640	640	376	0.5875	0.5875
1074	954	954	676	0.708595	0.708595
1075	1047	1047	436	0.416428	0.416428
1076	1077	1077	574	0.532962	0.532962
1077	800	800	440	0.55	0.55
1078	1135	499	0	0	0
1079	1021	1021	681	0.666993	0.666993
1080	1773	970	570	0.321489	0.587629
1081	1551	1450	690	0.444874	0.475862
1082	894	894	178	0.199105	0.199105
1083	2258	2000	440	0.194863	0.22
1084	2613	2613	2856	1.093	1.093
1085	1703	1703	456	0.267763	0.267763
1086	1314	836	220	0.167428	0.263158
1087	1809	1809	3692	2.04091	2.04091
1088	1660	1660	1578	0.950602	0.950602
1089	1066	1066	1960	1.83865	1.83865
1090	1546	1546	3836	2.48124	2.48124
1091	1172	1172	548	0.467577	0.467577
1092	1405	1405	514	0.365836	0.365836
1093	2103	2103	880	0.41845	0.41845
1094	1126	366	220	0.195382	0.601093
1095	1256	1256	557	0.443471	0.443471
1096	652	652	982	1.50613	1.50613
1097	1240	825	220	0.177419	0.266667
1098	2275	2275	3150	1.38462	1.38462
1099	3233	3233	3502	1.0832	1.0832
1100	2768	2768	4168	1.50578	1.50578
1101	4012	4012	2420	0.60319	0.60319
1102	2776	2776	2656	0.956772	0.956772
1103	1640	1640	1760	1.07317	1.07317
1104	2385	2385	4205	1.7631	1.7631
1105	3160	3160	2200	0.696203	0.696203
1106	2395	2395	3260	1.36117	1.36117
1107	1769	1769	2989	1.68966	1.68966
1108	2339	2339	3545	1.5156	1.5156
1109	1764	1764	2294	1.30045	1.30045
1110	3214	3214	4270	1.32856	1.32856
1111	1651	1651	2110	1.27801	1.27801
1112	2282	2183	1980	0.86766	0.907009
1113	2638	2638	4180	1.58453	1.58453
1114	2280	2280	2200	0.964912	0.964912
1115	2240	2240	2422	1.08125	1.08125
1116	2039	2039	2529	1.24031	1.24031
1117	2180	2180	800	0.366972	0.366972
1118	3022	3022	2420	0.800794	0.800794
1119	2379	2379	2180	0.916351	0.916351
1120	2422	2422	3232	1.33443	1.33443
1121	3923	3923	4263	1.08667	1.08667
1122	1450	450	200	0.137931	0.444444
1123	993	993	833	0.838872	0.838872
1124	2148	1728	220	0.102421	0.127315
1125	2092	2092	3332	1.59273	1.59273
1126	2353	2353	1980	0.841479	0.841479
1127	3058	3058	1760	0.57554	0.57554
1128	2479	2479	1335	0.538524	0.538524
1129	2813	2813	3519	1.25098	1.25098
1130	2049	2049	3674	1.79307	1.79307
1131	1252	1252	1092	0.872204	0.872204
1132	1405	1405	4575	3.25623	3.25623
1133	3424	3424	6768	1.97664	1.97664
1134	2386	2386	2200	0.922045	0.922045
1135	1661	1661	4802	2.89103	2.89103
1136	3113	3113	3217	1.03341	1.03341
1137	3107	2107	3520	1.13293	1.67062
1138	3609	3609	2620	0.725963	0.725963
1139	1531	1531	1609	1.05095	1.05095
1140	2354	1302	1060	0.450297	0.814132
1141	2174	2174	2092	0.962282	0.962282
1142	2405	2405	3960	1.64657	1.64657
1143	3100	3100	2730	0.880645	0.880645
1144	2755	2755	6925	2.51361	2.51361
1145	2414	2414	4920	2.03811	2.03811
1146	2862	2862	880	0.307477	0.307477
1147	3678	3678	6219	1.69086	1.69086
1148	1772	1772	1494	0.843115	0.843115
1149	1911	1911	1221	0.638932	0.638932
1150	1394	1394	2734	1.96126	1.96126
1151	977	977	1829	1.87206	1.87206
1152	1571	1571	1130	0.719287	0.719287
1153	2793	2793	1940	0.694594	0.694594
1154	2057	2057	1741	0.846378	0.846378
1155	2858	2858	4780	1.6725	1.6725
1156	4020	3967	2947	0.733085	0.742879
1157	2281	2281	3351	1.46909	1.46909
1158	2025	1000	220	0.108642	0.22
1159	1879	1879	1283	0.68281	0.68281
1160	1461	0	0	0	0
1161	2107	2107	660	0.313242	0.313242
1162	1926	1926	875	0.454309	0.454309
1163	2653	2653	5518	2.07991	2.07991
1164	2598	2598	1300	0.500385	0.500385
1165	1958	1172	220	0.11236	0.187713
1166	2158	2158	5540	2.56719	2.56719
1167	2182	2182	1470	0.673694	0.673694
1168	4279	3504	3164	0.739425	0.902968
1169	2860	2860	3300	1.15385	1.15385
1170	1217	0	0	0	0
1171	2226	2226	3803	1.70845	1.70845
1172	1586	1586	220	0.138714	0.138714
1173	2959	2000	1100	0.371747	0.55
1174	2709	2053	1100	0.406054	0.535801
1175	3219	3219	4218	1.31034	1.31034
1176	2539	2413	4620	1.81961	1.91463
1177	1760	1760	660	0.375	0.375
1178	2168	1168	584	0.269373	0.5
1179	2447	2271	880	0.359624	0.387494
1180	1387	1149	440	0.317231	0.382942
1181	1585	544	0	0	0
1182	1182	1182	440	0.37225	0.37225
1183	912	912	1588	1.74123	1.74123
1184	972	972	2172	2.23457	2.23457
1185	1762	1762	2849	1.61691	1.61691
1186	1769	1000	440	0.248728	0.44
1187	2200	2200	602	0.273636	0.273636
1188	1467	1467	2966	2.02181	2.02181
1189	2014	1124	624	0.309831	0.55516
1190	1284	1284	3666	2.85514	2.85514
1191	2177	2177	2200	1.01056	1.01056
1192	1929	1929	5588	2.89684	2.89684
1193	2868	1868	2037	0.710251	1.09047
1194	1584	1584	1914	1.20833	1.20833
1195	2801	2801	2200	0.785434	0.785434
1196	4611	4611	6187	1.34179	1.34179
1197	2396	2396	1100	0.459098	0.459098
1198	2582	2582	719	0.278466	0.278466
1199	1085	1085	280	0.258065	0.258065
1200	1647	1647	2069	1.25622	1.25622
1201	2014	1014	613	0.304369	0.604536
1202	2382	2382	5118	2.14861	2.14861
1203	2647	1988	1740	0.657348	0.875252
1204	2683	2683	1463	0.545285	0.545285
1205	2205	2205	938	0.425397	0.425397
1206	3632	3632	7161	1.97164	1.97164
1207	1464	1464	888	0.606557	0.606557
1208	4695	4000	1540	0.328009	0.385
1209	3026	3026	2364	0.781229	0.781229
1210	1274	1274	850	0.66719	0.66719
1211	2475	2475	2548	1.02949	1.02949
1212	1973	1973	1300	0.658895	0.658895
1213	1720	1701	1960	1.13953	1.15226
1214	2652	1652	1462	0.551282	0.884988
1215	1623	1623	2135	1.31547	1.31547
1216	3806	3806	1760	0.462428	0.462428
1217	3253	3253	1799	0.553028	0.553028
1218	2811	2811	949	0.337602	0.337602
1219	3248	3248	1668	0.513547	0.513547
1220	2173	2173	440	0.202485	0.202485
1221	3541	3541	1100	0.310647	0.310647
1222	3056	3056	9653	3.1587	3.1587
1223	1299	1299	1740	1.33949	1.33949
1224	2888	2888	880	0.304709	0.304709
1225	2220	1838	698	0.314414	0.379761
1226	2384	2384	1540	0.645973	0.645973
1227	1717	1717	2265	1.31916	1.31916
1228	2545	2545	2501	0.982711	0.982711
1229	2758	2758	2652	0.961566	0.961566
1230	2775	2775	5768	2.07856	2.07856
1231	1024	1024	1468	1.43359	1.43359
1232	2879	2879	1960	0.680792	0.680792
1233	1590	1590	660	0.415094	0.415094
1234	2574	2574	3996	1.55245	1.55245
1235	1485	1139	359	0.241751	0.315189
1236	1823	1823	1551	0.850795	0.850795
1237	2699	2699	740	0.274176	0.274176
1238	1767	1767	2035	1.15167	1.15167
1239	3067	3067	4953	1.61493	1.61493
1240	3780	3780	5632	1.48995	1.48995
1241	2300	2300	672	0.292174	0.292174
1242	1622	711	220	0.135635	0.309423
1243	1638	1638	518	0.316239	0.316239
1244	2341	1365	220	0.0939769	0.161172
1245	1936	1888	488	0.252066	0.258475
1246	3193	3193	1100	0.344504	0.344504
1247	3407	3407	4167	1.22307	1.22307
1248	2812	2812	2679	0.952703	0.952703
1249	2626	2626	2840	1.08149	1.08149
1250	2447	2447	1300	0.531263	0.531263
1251	1520	1520	2237	1.47171	1.47171
1252	2006	2006	2532	1.26221	1.26221
1253	4081	4081	4961	1.21563	1.21563
1254	1989	1989	860	0.432378	0.432378
1255	3432	3432	2200	0.641026	0.641026
1256	2328	2328	2460	1.0567	1.0567
1257	2858	2858	2620	0.916725	0.916725
1258	1947	1947	953	0.489471	0.489471
1259	1679	1092	624	0.37165	0.571429
1260	1671	1671	2091	1.25135	1.25135
1261	1888	888	440	0.233051	0.495495
1262	2973	973	482	0.162126	0.495375
1263	1767	1767	2687	1.52066	1.52066
1264	3004	2004	1012	0.336884	0.50499
1265	3220	2115	1450	0.450311	0.685579
1266	2246	1448	440	0.195904	0.303867
1267	2089	2089	3060	1.46482	1.46482
1268	2806	2006	1540	0.548824	0.767697
1269	2618	2618	2180	0.832697	0.832697
1270	3716	3716	4990	1.34284	1.34284
1271	3409	3342	1320	0.38721	0.394973
1272	2197	2197	3762	1.71234	1.71234
1273	2332	1488	220	0.0943396	0.147849
1274	3224	3224	5283	1.63865	1.63865
1275	3468	3468	5768	1.66321	1.66321
1276	3065	3065	4488	1.46427	1.46427
1277	3688	3688	3798	1.02983	1.02983
1278	3230	3230	1592	0.492879	0.492879
1279	3956	3943	2223	0.561931	0.563784
1280	1366	1366	870	0.636896	0.636896
1281	3198	3198	5518	1.72545	1.72545
1282	2455	2455	1855	0.755601	0.755601
1283	3686	3686	4620	1.25339	1.25339
1284	1904	1000	440	0.231092	0.44
1285	2258	1679	660	0.292294	0.393091
1286	2097	2097	5137	2.44969	2.44969
1287	2746	2746	3040	1.10706	1.10706
1288	2693	2693	3053	1.13368	1.13368
1289	2110	2110	3436	1.62844	1.62844
1290	2492	2492	1292	0.518459	0.518459
1291	2308	618	440	0.190641	0.711974
1292	3241	2743	5040	1.55508	1.8374
1293	1362	1362	1343	0.98605	0.98605
1294	2552	2552	4660	1.82602	1.82602
1295	1948	1638	618	0.317248	0.377289
1296	3178	3178	4768	1.50031	1.50031
1297	1923	1172	892	0.463859	0.761092
1298	1385	1385	2720	1.9639	1.9639
1299	2263	158	0	0	0
1300	3986	3986	4678	1.17361	1.17361
1301	1974	1974	1401	0.709726	0.709726
1302	3157	2982	2620	0.829902	0.878605
1303	4395	3395	440	0.100114	0.129602
1304	2102	1277	220	0.104662	0.172279
1305	3040	3040	1208	0.397368	0.397368
1306	1555	1555	4855	3.12219	3.12219
1307	2610	2610	2225	0.85249	0.85249
1308	2192	2192	2658	1.21259	1.21259
1309	3195	2604	908	0.284194	0.348694
1310	2590	1934	880	0.339768	0.455016
1311	2416	2416	1760	0.728477	0.728477
1312	3179	3024	2068	0.650519	0.683862
1313	2318	2158	1938	0.836066	0.898054
1314	3655	3655	6529	1.78632	1.78632
1315	2190	2190	660	0.30137	0.30137
1316	3786	2482	1540	0.406762	0.620467
1317	3026	1454	1100	0.363516	0.756534
1318	1540	1139	660	0.428571	0.579456
1319	3616	3616	5376	1.48673	1.48673
1320	1906	1906	488	0.256034	0.256034
1321	2099	2099	2039	0.971415	0.971415
1322	1860	1860	2702	1.45269	1.45269
1323	2019	2019	1320	0.653789	0.653789
1324	1372	1372	3260	2.37609	2.37609
1325	2568	2568	860	0.334891	0.334891
1326	2076	2076	660	0.317919	0.317919
1327	2581	2581	2950	1.14297	1.14297
1328	1891	492	0	0	0
1329	1816	1816	880	0.484581	0.484581
1330	1744	782	642	0.368119	0.820972
1331	2698	2698	1760	0.652335	0.652335
1332	2579	1963	1100	0.426522	0.560367
1333	4149	4149	2640	0.636298	0.636298
1334	2252	2252	3863	1.71536	1.71536
1335	3262	2518	1758	0.538933	0.698173
1336	4221	3883	1960	0.464345	0.504764
1337	3238	3238	2592	0.800494	0.800494
1338	2867	2376	1116	0.389257	0.469697
1339	2578	2578	5498	2.13266	2.13266
1340	3373	2566	3192	0.946339	1.24396
1341	2808	2808	855	0.304487	0.304487
1342	2826	2826	927	0.328025	0.328025
1343	1707	1707	1474	0.863503	0.863503
1344	2979	2383	603	0.202417	0.253042
1345	3560	3560	3446	0.967978	0.967978
1346	2585	2585	2482	0.960155	0.960155
1347	3946	2007	1320	0.334516	0.657698
1348	2331	1435	880	0.37752	0.61324
1349	4626	4626	9352	2.02162	2.02162
1350	2712	2712	2092	0.771386	0.771386
1351	2487	2154	1854	0.745476	0.860724
1352	2918	2918	2716	0.930775	0.930775
1353	4185	4185	5385	1.28674	1.28674
1354	4943	4047	4047	0.818734	1
1355	2536	2536	3060	1.20662	1.20662
1356	2841	2841	1740	0.61246	0.61246
1357	745	627	961	1.28993	1.5327
1358	3622	2836	1540	0.425179	0.543018
1359	4993	4993	6372	1.27619	1.27619
1360	2194	2194	1080	0.492252	0.492252
1361	3309	3309	1980	0.598368	0.598368
1362	2896	2827	1760	0.607735	0.622568
1363	2221	2221	3845	1.7312	1.7312
1364	3263	3263	2798	0.857493	0.857493
1365	3254	3254	2641	0.811616	0.811616
1366	3024	3024	3020	0.998677	0.998677
1367	3792	3792	3040	0.801688	0.801688
1368	1698	1698	1320	0.777385	0.777385
1369	4044	4044	2200	0.544016	0.544016
1370	1899	1899	1388	0.730911	0.730911
1371	4830	4830	2916	0.603727	0.603727
1372	2970	2970	2326	0.783165	0.783165
1373	4204	4204	2210	0.52569	0.52569
1374	3538	3538	3918	1.10741	1.10741
1375	1650	1650	472	0.286061	0.286061
1376	1680	1680	1240	0.738095	0.738095
1377	2977	2977	4452	1.49547	1.49547
1378	3624	1624	220	0.0607064	0.135468
1379	1612	1612	1362	0.844913	0.844913
1380	1955	1850	660	0.337596	0.356757
1381	2057	2057	4959	2.41079	2.41079
1382	1702	1222	660	0.387779	0.540098
1383	1757	1063	220	0.125213	0.206961
1384	2257	2257	3510	1.55516	1.55516
1385	1951	1951	3871	1.98411	1.98411
1386	3260	3260	3112	0.954601	0.954601
1387	2014	1014	640	0.317776	0.631164
1388	1627	1627	2267	1.39336	1.39336
1389	2564	2564	2865	1.11739	1.11739
1390	1964	1964	1520	0.773931	0.773931
1391	1930	1930	1776	0.920207	0.920207
1392	2341	2341	880	0.375908	0.375908
1393	2172	2172	1080	0.497238	0.497238
1394	1533	1533	2088	1.36204	1.36204
1395	3273	1393	553	0.168958	0.396985
1396	4531	3531	2145	0.473405	0.607477
1397	3986	3986	2820	0.707476	0.707476
1398	2790	2790	1540	0.551971	0.551971
1399	4757	4757	3960	0.832457	0.832457
1400	2235	2235	2703	1.2094	1.2094
1401	1426	1426	1706	1.19635	1.19635
1402	4913	4913	3747	0.76267	0.76267
1403	2568	2568	1100	0.428349	0.428349
1404	3456	3456	2596	0.751157	0.751157
1405	3018	3018	2955	0.979125	0.979125
1406	3105	2105	759	0.244444	0.36057
1407	4980	4980	6540	1.31325	1.31325
1408	1705	1705	440	0.258065	0.258065
1409	2787	2370	1100	0.39469	0.464135
1410	1212	1212	1914	1.57921	1.57921
1411	2771	1448	228	0.0822808	0.157459
1412	2587	2587	4000	1.54619	1.54619
1413	2954	2954	4792	1.62221	1.62221
1414	2869	2761	1300	0.45312	0.470844
1415	1613	1613	1404	0.870428	0.870428
1416	613	613	220	0.358891	0.358891
1417	2022	2022	880	0.435213	0.435213
1418	1353	353	374	0.276423	1.05949
1419	2174	1551	1291	0.593836	0.832366
1420	3227	3227	1774	0.549737	0.549737
1421	4014	4014	2084	0.519183	0.519183
1422	3506	3506	5340	1.5231	1.5231
1423	1535	797	1540	1.00326	1.93225
1424	4291	3291	2162	0.503845	0.656943
1425	4917	4917	3311	0.673378	0.673378
1426	3504	2504	440	0.125571	0.175719
1427	1588	1453	2433	1.53212	1.67447
1428	913	913	660	0.722892	0.722892
1429	1376	1376	440	0.319767	0.319767
1430	1483	1483	440	0.296696	0.296696
1431	1158	1158	942	0.813472	0.813472
1432	2106	2106	1500	0.712251	0.712251
1433	1831	1831	1928	1.05298	1.05298
1434	1966	1966	655	0.333164	0.333164
1435	1178	258	0	0	0
1436	1489	1489	220	0.14775	0.14775
1437	2266	2266	2200	0.970874	0.970874
1438	818	818	1919	2.34597	2.34597
1439	1496	1496	1960	1.31016	1.31016
1440	1709	1709	3769	2.20538	2.20538
1441	1173	0	0	0	0
1442	1710	476	220	0.128655	0.462185
1443	2258	1391	880	0.389725	0.632638
1444	911	911	571	0.626784	0.626784
1445	1464	1126	220	0.150273	0.195382
1446	1897	1897	2590	1.36531	1.36531
1447	2105	1586	660	0.313539	0.416141
1448	1760	1760	3367	1.91307	1.91307
1449	1360	1360	1540	1.13235	1.13235
1450	3680	3680	1138	0.309239	0.309239
1451	2686	2686	3876	1.44304	1.44304
1452	2798	2798	798	0.285204	0.285204
1453	3954	3954	4674	1.18209	1.18209
1454	3383	3383	4330	1.27993	1.27993
1455	3042	2680	880	0.289283	0.328358
1456	2772	2772	4360	1.57287	1.57287
1457	1371	1371	1591	1.16047	1.16047
1458	2736	2736	4125	1.50768	1.50768
1459	3690	3690	10448	2.83144	2.83144
1460	2484	2484	1920	0.772947	0.772947
1461	4783	4783	1523	0.318419	0.318419
1462	2392	2392	4540	1.89799	1.89799
1463	3458	3458	3562	1.03008	1.03008
1464	3726	3726	5388	1.44605	1.44605
1465	3406	3406	2812	0.825602	0.825602
1466	1340	757	0	0	0
1467	3167	3167	5150	1.62614	1.62614
1468	1329	1277	837	0.629797	0.655442
1469	1847	1847	927	0.501895	0.501895
1470	3388	3388	6237	1.84091	1.84091
1471	1750	536	660	0.377143	1.23134
1472	1858	1858	3520	1.89451	1.89451
1473	3157	1157	880	0.278746	0.760588
1474	2415	1316	496	0.205383	0.3769
1475	3421	3421	1941	0.567378	0.567378
1476	3946	3946	5260	1.333	1.333
1477	2934	2934	2240	0.763463	0.763463
1478	3260	3260	6648	2.03926	2.03926
1479	3265	3265	2192	0.671363	0.671363
1480	4543	4135	4075	0.896984	0.98549
1481	1928	1928	2160	1.12033	1.12033
1482	3550	3550	6708	1.88958	1.88958
1483	2011	2011	1304	0.648434	0.648434
1484	1617	1617	1197	0.74026	0.74026
1485	1806	1806	765	0.423588	0.423588
1486	2148	275	0	0	0
1487	2553	1553	440	0.172346	0.283323
1488	1204	1204	440	0.365449	0.365449
1489	2336	2336	1709	0.731592	0.731592
1490	3836	3836	2840	0.740355	0.740355
1491	1412	1412	274	0.194051	0.194051
1492	1448	1448	2102	1.45166	1.45166
1493	3273	3273	4490	1.37183	1.37183
1494	2276	2276	709	0.311511	0.311511
1495	3626	3626	2400	0.661886	0.661886
1496	1691	1691	880	0.520402	0.520402
1497	3498	3498	7248	2.07204	2.07204
1498	2954	2954	1937	0.655721	0.655721
1499	3571	2571	1320	0.369644	0.513419
1500	4637	4637	3080	0.664223	0.664223
1501	2855	2855	3892	1.36322	1.36322
1502	2605	1951	2180	0.836852	1.11738
1503	3993	3993	3300	0.826446	0.826446
1504	1558	1558	1473	0.945443	0.945443
1505	378	196	16	0.042328	0.0816327
1506	314	314	393	1.25159	1.25159
1507	532	532	148	0.278195	0.278195
1508	728	728	116	0.159341	0.159341
1509	1151	1151	1100	0.955691	0.955691
1510	982	982	1320	1.3442	1.3442
1511	776	776	1910	2.46134	2.46134
1512	2019	2019	2566	1.27093	1.27093
1513	3330	3330	3971	1.19249	1.19249
1514	2644	2644	2466	0.932678	0.932678
1515	5005	5005	4545	0.908092	0.908092
1517	4853	4853	7058	1.45436	1.45436
1518	3474	3474	8671	2.49597	2.49597
1519	4989	4989	7911	1.58569	1.58569
1520	3511	3511	4436	1.26346	1.26346
1521	5035	5035	10962	2.17716	2.17716
1522	3844	3844	5358	1.39386	1.39386
1523	4482	4482	7875	1.75703	1.75703
1524	4516	4516	7111	1.57462	1.57462
1525	2577	2577	6296	2.44315	2.44315
1526	4272	4272	2860	0.669476	0.669476
1527	4677	4677	2399	0.512936	0.512936
1528	3803	3803	1448	0.380752	0.380752
1529	3928	3928	1068	0.271894	0.271894
1530	3162	3162	1980	0.626186	0.626186
1531	5001	5001	2314	0.462707	0.462707
1532	3388	3090	3060	0.903188	0.990291
1533	4349	3349	1815	0.417337	0.541953
1534	4674	4674	9702	2.07574	2.07574
1535	4488	4488	9824	2.18895	2.18895
1536	3394	3394	2924	0.86152	0.86152
1537	3074	3074	1694	0.551074	0.551074
1538	3164	3164	6354	2.00822	2.00822
1539	5015	4021	1361	0.271386	0.338473
1540	4407	4407	1947	0.441797	0.441797
1541	3749	3749	3233	0.862363	0.862363
1542	4188	4188	8298	1.98138	1.98138
1543	3534	3534	5648	1.59819	1.59819
1544	1905	1905	1540	0.808399	0.808399
1545	3234	2234	877	0.271181	0.392569
1546	3453	2453	1300	0.376484	0.529963
1547	3564	3475	3195	0.896465	0.919424
1548	3422	3422	3428	1.00175	1.00175
1549	4047	3000	1320	0.326168	0.44
1550	2819	2819	3808	1.35083	1.35083
1551	2438	2438	1507	0.61813	0.61813
1552	3081	3081	3941	1.27913	1.27913
1553	3867	3867	5263	1.361	1.361
1554	4888	4888	5500	1.1252	1.1252
1555	3657	3657	3909	1.06891	1.06891
1556	4229	4229	3060	0.723575	0.723575
1557	4583	4583	2200	0.480035	0.480035
1558	2676	2676	1540	0.575486	0.575486
1559	4801	4000	2200	0.458238	0.55
1560	4942	4942	2412	0.488062	0.488062
1561	2158	2158	1178	0.545876	0.545876
1562	2197	1000	440	0.200273	0.44
1563	952	952	528	0.554622	0.554622
1564	3357	2357	440	0.131069	0.186678
1565	4612	4464	2804	0.607979	0.628136
1566	7037	7037	1915	0.272133	0.272133
1567	1888	0	0	0	0
1568	4024	2000	440	0.109344	0.22
1569	7787	6134	2640	0.339027	0.430388
1570	7116	7116	5940	0.834739	0.834739
1571	3825	3825	1387	0.362614	0.362614
1572	5791	3791	2111	0.364531	0.556845
1573	8061	5061	1760	0.218335	0.347757
1574	2298	2298	4494	1.95561	1.95561
1575	1929	1929	829	0.429756	0.429756
1576	2085	2085	1980	0.94964	0.94964
1577	1798	1798	498	0.276974	0.276974
1578	1513	1488	348	0.230007	0.233871
1579	2084	2084	1514	0.726488	0.726488
1580	1114	1114	1581	1.41921	1.41921
1581	934	934	428	0.458244	0.458244
1582	3024	3024	3436	1.13624	1.13624
1583	2793	2793	3272	1.1715	1.1715
1584	3217	3217	4840	1.50451	1.50451
1585	986	986	914	0.926978	0.926978
1586	2812	2812	1299	0.461949	0.461949
1587	2906	2906	5418	1.86442	1.86442
1588	1584	1584	2403	1.51705	1.51705
1589	2018	2018	1100	0.545094	0.545094
1590	1347	537	220	0.163326	0.409683
1591	1167	1167	707	0.605827	0.605827
1592	2566	2566	5100	1.98753	1.98753
1593	3945	2945	1680	0.425856	0.570458
1594	1394	1289	869	0.623386	0.674166
1595	2495	2495	1893	0.758717	0.758717
1596	3344	3344	3240	0.9689	0.9689
1597	3718	3718	3252	0.874664	0.874664
1598	3303	3303	3923	1.18771	1.18771
1599	1441	1441	2018	1.40042	1.40042
1600	1061	1061	814	0.767201	0.767201
1601	1351	737	0	0	0
1602	1464	706	0	0	0
1603	1348	1348	2860	2.12166	2.12166
1604	2104	2104	3920	1.86312	1.86312
1605	1404	1404	1863	1.32692	1.32692
1606	1852	1852	5344	2.88553	2.88553
1607	2484	2212	692	0.278583	0.312839
1608	2788	2788	2966	1.06385	1.06385
1609	1039	1039	2990	2.87777	2.87777
1610	1886	1886	1540	0.816543	0.816543
1611	1627	1627	2670	1.64106	1.64106
1612	2364	2364	3678	1.55584	1.55584
1613	2099	2099	829	0.39495	0.39495
1614	3446	3446	4089	1.18659	1.18659
1615	3325	3325	5076	1.52662	1.52662
1616	2181	2181	1398	0.64099	0.64099
1617	1694	1694	3368	1.98819	1.98819
1618	1922	1922	1540	0.801249	0.801249
1619	3088	3088	988	0.319948	0.319948
1620	3207	3207	3199	0.997505	0.997505
1621	2196	2196	2472	1.12568	1.12568
1622	2906	2906	2618	0.900895	0.900895
1623	1730	1730	440	0.254335	0.254335
1624	3659	3659	1320	0.360754	0.360754
1625	1797	1797	3300	1.83639	1.83639
1626	3698	3698	4182	1.13088	1.13088
1627	2528	2528	2596	1.0269	1.0269
1628	4331	4331	2812	0.649273	0.649273
1629	2547	1547	746	0.292894	0.482224
1630	3837	3073	1300	0.338806	0.423039
1631	1969	1969	660	0.335196	0.335196
1632	4917	3086	1612	0.327842	0.522359
1633	4135	4135	3984	0.963482	0.963482
1634	4609	4609	9830	2.13278	2.13278
1635	3525	1678	598	0.169645	0.356377
1636	3974	3974	5866	1.47609	1.47609
1637	4113	4113	2640	0.641867	0.641867
1638	4952	4952	4152	0.838449	0.838449
1639	4499	4499	2840	0.631251	0.631251
1640	4673	2673	1265	0.270704	0.473251
1641	3990	3990	3766	0.94386	0.94386
1642	4913	4913	3490	0.71036	0.71036
1643	4762	3653	2446	0.51365	0.669587
1644	3235	3235	3003	0.928284	0.928284
1645	3962	3962	2742	0.692075	0.692075
1646	5191	4000	1740	0.335196	0.435
1647	3124	1574	2962	0.948143	1.88183
1648	3564	3564	4486	1.2587	1.2587
1649	4546	4546	8469	1.86296	1.86296
1650	2225	2225	983	0.441798	0.441798
1651	3373	3373	1493	0.442633	0.442633
1652	3635	3635	6362	1.75021	1.75021
1653	2031	1817	440	0.216642	0.242157
1654	2332	2332	220	0.0943396	0.0943396
1655	591	591	220	0.37225	0.37225
1656	2905	2905	2188	0.753184	0.753184
1657	2327	2327	3042	1.30726	1.30726
1658	3489	3489	3696	1.05933	1.05933
1659	3870	3870	5617	1.45142	1.45142
1660	5497	5497	9010	1.63908	1.63908
1661	2452	1536	660	0.269168	0.429688
1662	3711	3711	3080	0.829965	0.829965
1663	3646	2648	440	0.12068	0.166163
1664	4419	4419	4400	0.9957	0.9957
1665	1529	1529	440	0.28777	0.28777
1666	3544	3544	4759	1.34283	1.34283
1667	3163	3163	3080	0.973759	0.973759
1668	2463	2463	440	0.178644	0.178644
1669	3509	3509	2612	0.744372	0.744372
1670	3982	3362	1042	0.261678	0.309935
1671	4874	4874	4226	0.86705	0.86705
1672	3796	3796	3300	0.869336	0.869336
1673	4252	4252	3936	0.925682	0.925682
1674	3197	3197	1797	0.562089	0.562089
1675	3701	3224	4160	1.12402	1.29032
1676	4147	4147	1466	0.353509	0.353509
1677	3089	3089	1500	0.485594	0.485594
1678	3207	2994	1540	0.4802	0.514362
1679	4955	3955	1100	0.221998	0.278129
1680	4853	3853	1080	0.222543	0.280301
1681	3561	1185	660	0.185341	0.556962
1682	3911	3911	2640	0.675019	0.675019
1683	3645	2305	785	0.215364	0.340564
1684	4917	4917	1770	0.359976	0.359976
1685	3134	3134	2840	0.90619	0.90619
1686	3149	3131	1911	0.606859	0.610348
1687	3035	3035	1760	0.579901	0.579901
1688	2960	2927	1760	0.594595	0.601298
1689	3260	3260	552	0.169325	0.169325
1690	4768	2768	959	0.201133	0.34646
1691	2883	2883	1764	0.611863	0.611863
1692	2571	795	220	0.0855698	0.27673
1693	2230	2044	968	0.434081	0.473581
1694	1575	1575	420	0.266667	0.266667
1695	3446	3446	3128	0.907719	0.907719
1696	4332	4332	5368	1.23915	1.23915
1697	5193	5193	6255	1.20451	1.20451
1698	2637	2000	1540	0.583997	0.77
1699	3734	3734	4412	1.18157	1.18157
1700	3680	3680	3113	0.845924	0.845924
1701	3156	3156	2491	0.78929	0.78929
1702	3691	3691	3105	0.841235	0.841235
1703	4772	4772	1932	0.404862	0.404862
1704	5388	5388	9161	1.70026	1.70026
1705	3154	3154	7160	2.27013	2.27013
1706	4290	4290	9726	2.26713	2.26713
1707	4525	4525	5035	1.11271	1.11271
1708	4780	4780	2360	0.493724	0.493724
1709	3785	3785	1320	0.348745	0.348745
1710	2813	1813	3098	1.10132	1.70877
1711	4418	4418	7884	1.78452	1.78452
1712	3380	3380	6216	1.83905	1.83905
1713	3064	3064	5524	1.80287	1.80287
1714	3041	3041	5914	1.94476	1.94476
1715	4457	4457	7901	1.77272	1.77272
1716	2648	2648	2734	1.03248	1.03248
1717	3450	3450	3022	0.875942	0.875942
1718	2194	2194	2287	1.04239	1.04239
1719	2016	2016	5138	2.54861	2.54861
1720	3108	2108	1080	0.34749	0.512334
1721	2031	2031	2026	0.997538	0.997538
1722	3145	3113	2820	0.896661	0.905879
1723	4890	3890	6960	1.42331	1.7892
1724	3176	1064	220	0.0692695	0.206767
1725	3847	2847	1592	0.413829	0.559185
1726	2304	2304	1083	0.470052	0.470052
1727	2391	1006	426	0.178168	0.423459
1728	863	863	440	0.509849	0.509849
1729	513	513	420	0.818713	0.818713
1730	550	550	95	0.172727	0.172727
1731	1689	1284	880	0.521018	0.685358
1732	1097	1097	978	0.891522	0.891522
1733	607	607	427	0.70346	0.70346
1734	1401	721	440	0.314061	0.610264
1735	499	499	239	0.478958	0.478958
1736	497	497	410	0.82495	0.82495
1737	586	586	220	0.375427	0.375427
1738	593	593	1486	2.5059	2.5059
1739	499	499	280	0.561122	0.561122
1740	1816	1816	1572	0.865639	0.865639
1741	2655	2029	2489	0.937476	1.22671
1742	1410	1410	660	0.468085	0.468085
1743	2261	2261	3512	1.5533	1.5533
1744	939	939	2419	2.57614	2.57614
1745	3113	3113	1576	0.506264	0.506264
1746	3133	3133	1540	0.491542	0.491542
1747	3320	3320	2461	0.741265	0.741265
1748	3571	3571	1760	0.492859	0.492859
1749	921	921	1148	1.24647	1.24647
1750	1076	1076	440	0.408922	0.408922
1751	1353	1353	1693	1.25129	1.25129
1752	1512	366	220	0.145503	0.601093
1753	1182	1182	1568	1.32657	1.32657
1754	1310	1310	2043	1.55954	1.55954
1755	1631	1631	2999	1.83875	1.83875
1756	1495	1495	440	0.294314	0.294314
1757	1626	1626	2592	1.5941	1.5941
1758	1485	1485	2560	1.72391	1.72391
1759	1487	1487	1837	1.23537	1.23537
1760	1495	1495	2890	1.93311	1.93311
1761	1669	1669	2785	1.66866	1.66866
1762	1498	1498	469	0.313084	0.313084
1763	1495	1495	2465	1.64883	1.64883
1764	1452	1452	1372	0.944904	0.944904
1765	1534	609	0	0	0
1766	1424	1424	515	0.361657	0.361657
1767	1080	1080	3060	2.83333	2.83333
1768	1491	1491	932	0.625084	0.625084
1769	1512	1512	1980	1.30952	1.30952
1770	1511	1511	1651	1.09265	1.09265
1771	1495	1495	1492	0.997993	0.997993
1772	1474	1474	2620	1.77748	1.77748
1773	1501	1500	440	0.293138	0.293333
1774	1513	1513	1010	0.667548	0.667548
1775	1449	1449	2985	2.06004	2.06004
1776	1507	1507	1807	1.19907	1.19907
1777	1835	1835	1980	1.07902	1.07902
1778	1512	1512	2256	1.49206	1.49206
1779	1472	1472	325	0.220788	0.220788
1780	1586	1586	708	0.446406	0.446406
1781	1482	1482	1116	0.753036	0.753036
1782	1460	1460	1065	0.729452	0.729452
1783	1495	1495	1540	1.0301	1.0301
1784	1487	1487	1866	1.25488	1.25488
1785	1821	1821	3007	1.65129	1.65129
1786	3364	2364	1100	0.326992	0.465313
1787	1600	685	220	0.1375	0.321168
1788	1999	1999	390	0.195098	0.195098
1789	3371	2371	640	0.189855	0.269928
1790	604	604	220	0.364238	0.364238
1791	575	575	578	1.00522	1.00522
1792	875	51	0	0	0
1793	3218	1000	660	0.205096	0.66
1794	1997	1645	440	0.22033	0.267477
1795	739	739	999	1.35183	1.35183
1796	1002	1002	882	0.88024	0.88024
1797	1498	940	100	0.0667557	0.106383
1798	1675	0	0	0	0
1799	2693	2693	1978	0.734497	0.734497
1800	187	187	288	1.54011	1.54011
1801	2651	2651	2601	0.981139	0.981139
1802	3742	0	0	0	0
1803	3974	3974	3814	0.959738	0.959738
1804	2316	2316	2397	1.03497	1.03497
1805	3251	3251	817	0.251307	0.251307
1806	2618	2618	660	0.252101	0.252101
1807	4233	3233	2288	0.540515	0.707702
1808	2960	2960	954	0.322297	0.322297
1809	1175	1175	200	0.170213	0.170213
1810	3803	1000	220	0.0578491	0.22
1811	3280	1000	200	0.0609756	0.2
1812	1362	1000	440	0.323054	0.44
1813	3726	2794	2394	0.642512	0.856836
1814	850	36	0	0	0
1815	2556	2556	1740	0.680751	0.680751
1816	1799	1503	706	0.39244	0.469727
1817	2822	0	0	0	0
1818	2834	1834	674	0.237826	0.367503
1819	2865	865	420	0.146597	0.485549
1820	3231	0	0	0	0
1821	2089	2089	1009	0.483006	0.483006
1822	4031	3081	1203	0.298437	0.390458
1823	4649	2649	1584	0.340718	0.597961
1824	1754	891	420	0.239453	0.47138
1825	3476	0	0	0	0
1826	3656	2050	420	0.11488	0.204878
1827	2671	892	660	0.247098	0.73991
1828	1679	748	456	0.27159	0.609626
1829	5000	3183	880	0.176	0.276469
1830	1912	1912	783	0.409519	0.409519
1831	2667	2667	1066	0.3997	0.3997
1832	3247	2000	880	0.271019	0.44
1833	2752	0	0	0	0
1834	3190	3190	880	0.275862	0.275862
1835	3297	0	0	0	0
1836	3592	3592	660	0.183742	0.183742
1837	2898	2898	1843	0.635956	0.635956
1838	2645	733	220	0.0831758	0.300136
1839	2004	1174	434	0.216567	0.369676
1840	2438	0	0	0	0
1841	1006	1006	1099	1.09245	1.09245
1842	3546	3452	2200	0.620417	0.637312
1843	1877	936	200	0.106553	0.213675
1844	1573	1081	220	0.13986	0.203515
1845	1602	1602	379	0.236579	0.236579
1846	2039	0	0	0	0
1847	2165	0	0	0	0
1848	3248	2248	440	0.135468	0.19573
1849	1806	1806	440	0.243632	0.243632
1850	2727	0	0	0	0
1851	1909	1909	1100	0.576218	0.576218
1852	2708	2622	862	0.318316	0.328757
1853	2205	2205	828	0.37551	0.37551
1854	2550	2550	2273	0.891373	0.891373
1855	2018	1618	1238	0.613479	0.765142
1856	1597	1597	660	0.413275	0.413275
1857	3711	2711	989	0.266505	0.36481
1858	1697	697	440	0.259281	0.631277
1859	1988	1988	660	0.331992	0.331992
1860	1890	1148	440	0.232804	0.383275
1861	2737	2737	880	0.32152	0.32152
1862	1595	695	220	0.137931	0.316547
1863	3173	2000	880	0.27734	0.44
1864	3509	3509	2421	0.68994	0.68994
1865	3353	2353	1074	0.32031	0.456439
1866	1932	1932	1080	0.559006	0.559006
1867	3176	3176	2623	0.825882	0.825882
1868	2042	1701	661	0.323702	0.388595
1869	1598	1598	706	0.441802	0.441802
1870	3718	2377	440	0.118343	0.185107
1871	1892	344	0	0	0
1872	2893	1893	520	0.179744	0.274696
1873	1776	1776	700	0.394144	0.394144
1874	2855	0	0	0	0
1875	1141	1141	642	0.562664	0.562664
1876	1909	1909	4967	2.60189	2.60189
1877	822	822	738	0.89781	0.89781
1878	2861	2861	880	0.307585	0.307585
1879	1603	603	25	0.0155958	0.0414594
1880	2124	2124	1622	0.763653	0.763653
1881	2678	0	0	0	0
1882	1475	1475	1371	0.929492	0.929492
1883	2073	2073	2296	1.10757	1.10757
1884	1573	0	0	0	0
1885	3642	2642	660	0.181219	0.249811
1886	1633	1633	440	0.269443	0.269443
1887	2588	2431	440	0.170015	0.180995
1888	2996	2484	860	0.287049	0.346216
1889	1208	1208	1168	0.966887	0.966887
1890	3029	1029	429	0.141631	0.41691
1891	2066	1820	280	0.135528	0.153846
1892	1492	641	0	0	0
1893	1468	1468	1225	0.834469	0.834469
1894	2104	2104	743	0.353137	0.353137
1895	3141	688	0	0	0
1896	3865	3573	5900	1.52652	1.65127
1897	2387	2387	1100	0.460829	0.460829
1898	3664	142	0	0	0
1899	1156	0	0	0	0
1900	2343	2343	834	0.355954	0.355954
1901	1972	1972	2121	1.07556	1.07556
1902	2808	57	0	0	0
1903	2242	0	0	0	0
1904	1001	1001	627	0.626374	0.626374
1905	1001	0	0	0	0
1906	1796	613	0	0	0
1907	2028	2028	880	0.433925	0.433925
1908	825	825	628	0.761212	0.761212
1909	1453	1453	660	0.454233	0.454233
1910	585	0	0	0	0
1911	925	925	568	0.614054	0.614054
1912	974	974	440	0.451745	0.451745
1913	1432	432	26	0.0181564	0.0601852
1914	1246	1070	640	0.513644	0.598131
1915	1820	1820	466	0.256044	0.256044
1916	760	0	0	0	0
1917	1306	1306	274	0.209801	0.209801
1918	765	765	401	0.524183	0.524183
1919	1333	1333	2505	1.87922	1.87922
1920	1247	744	304	0.243785	0.408602
1921	494	0	0	0	0
1922	908	0	0	0	0
1923	624	624	586	0.939103	0.939103
1924	698	0	0	0	0
1925	558	558	0	0	0
1926	1471	1471	631	0.42896	0.42896
1927	1159	1159	440	0.379638	0.379638
1928	856	0	0	0	0
1929	1240	1240	788	0.635484	0.635484
1930	2781	1781	1616	0.581086	0.907355
1931	1188	444	412	0.346801	0.927928
1932	1003	1003	536	0.534397	0.534397
1933	1028	0	0	0	0
1934	2003	0	0	0	0
1935	699	699	220	0.314735	0.314735
1936	1176	1176	220	0.187075	0.187075
1937	818	818	0	0	0
1938	1935	1935	1064	0.549871	0.549871
1939	728	728	660	0.906593	0.906593
1940	540	540	1072	1.98519	1.98519
1941	950	420	220	0.231579	0.52381
1942	904	411	220	0.243363	0.53528
1943	1245	1201	361	0.28996	0.300583
1944	1036	1036	117	0.112934	0.112934
1945	812	812	220	0.270936	0.270936
1946	902	902	640	0.709534	0.709534
1947	2056	1000	1100	0.535019	1.1
1948	1200	0	0	0	0
1949	579	553	0	0	0
1950	848	0	0	0	0
1951	632	632	849	1.34335	1.34335
1952	631	631	413	0.654517	0.654517
1953	1055	1055	660	0.625592	0.625592
1954	2433	2433	660	0.27127	0.27127
1955	1304	983	1080	0.828221	1.09868
1956	1889	239	99	0.0524087	0.414226
1957	2206	1639	378	0.171351	0.230628
1958	1245	1245	660	0.53012	0.53012
1959	1363	1363	440	0.322817	0.322817
1960	1795	1795	1605	0.89415	0.89415
1961	759	426	0	0	0
1962	822	822	200	0.243309	0.243309
1963	635	462	122	0.192126	0.264069
1964	1444	1444	220	0.152355	0.152355
1965	1167	1167	594	0.508997	0.508997
1966	898	574	0	0	0
1967	588	588	70	0.119048	0.119048
1968	1848	0	0	0	0
1969	830	830	960	1.15663	1.15663
1970	1665	1665	545	0.327327	0.327327
1971	1297	1297	1167	0.899769	0.899769
1972	578	165	0	0	0
1973	1028	0	0	0	0
1974	445	0	0	0	0
1975	548	548	454	0.828467	0.828467
1976	937	570	220	0.234792	0.385965
1977	575	575	880	1.53043	1.53043
1978	1205	425	0	0	0
1979	830	0	0	0	0
1980	537	537	382	0.711359	0.711359
1981	1452	1452	338	0.232782	0.232782
1982	1098	1098	414	0.377049	0.377049
1983	1488	1488	836	0.561828	0.561828
1984	2184	1968	2860	1.30952	1.45325
1985	3469	0	0	0	0
1986	2137	2137	1080	0.505381	0.505381
1987	2276	2276	228	0.100176	0.100176
1988	2565	1565	598	0.233138	0.382109
1989	1832	0	0	0	0
1990	1374	1374	1953	1.4214	1.4214
1991	2703	703	212	0.0784314	0.301565
1992	920	920	82	0.0891304	0.0891304
1993	992	992	429	0.43246	0.43246
1994	2668	1000	220	0.0824588	0.22
1995	1956	1956	660	0.337423	0.337423
1996	1650	1650	3996	2.42182	2.42182
1997	1842	1000	440	0.238871	0.44
1998	1004	1004	572	0.569721	0.569721
1999	1362	1362	440	0.323054	0.323054
2000	2257	2249	518	0.229508	0.230325
2001	5575	5575	3520	0.63139	0.63139
2002	6816	6816	6154	0.902876	0.902876
2003	6870	6870	5028	0.731878	0.731878
2004	5113	4497	2697	0.527479	0.599733
2005	6552	4848	3728	0.568987	0.768977
2006	4427	4427	4529	1.02304	1.02304
2007	6957	6957	3515	0.505247	0.505247
2008	7762	4762	5680	0.73177	1.19278
2009	7372	6000	2620	0.355399	0.436667
2010	6818	5227	3367	0.49384	0.644155
2011	3409	2409	660	0.193605	0.273973
2012	1140	1140	463	0.40614	0.40614
2013	1703	0	0	0	0
2014	1287	1287	420	0.32634	0.32634
2015	962	634	220	0.22869	0.347003
2016	1678	1678	775	0.461859	0.461859
2017	1107	0	0	0	0
2018	1115	1115	440	0.394619	0.394619
2019	963	0	0	0	0
2020	1455	173	73	0.0501718	0.421965
2021	1289	1289	421	0.32661	0.32661
2022	1027	1027	660	0.642648	0.642648
2023	1859	1859	602	0.32383	0.32383
2024	1642	642	415	0.252741	0.646417
2025	1529	1529	2972	1.94375	1.94375
2026	1121	301	101	0.0900981	0.335548
2027	2470	1588	880	0.356275	0.554156
2028	1689	1453	440	0.260509	0.302822
2029	1282	1045	220	0.171607	0.210526
2030	1259	1259	220	0.174742	0.174742
2031	843	0	0	0	0
2032	1501	272	0	0	0
2033	960	960	420	0.4375	0.4375
2034	1046	472	220	0.210325	0.466102
2035	702	475	135	0.192308	0.284211
2036	853	695	220	0.257913	0.316547
2037	1379	1379	220	0.159536	0.159536
2038	491	0	0	0	0
2039	2736	2736	2640	0.964912	0.964912
2040	589	589	84	0.142615	0.142615
2041	987	987	54	0.0547112	0.0547112
2042	1452	0	0	0	0
2043	4129	0	0	0	0
2044	1015	616	0	0	0
2045	781	781	550	0.704225	0.704225
2046	1731	810	220	0.127094	0.271605
2047	1177	0	0	0	0
2048	1119	1119	440	0.393208	0.393208
2049	993	993	718	0.723061	0.723061
2050	3551	3551	880	0.247818	0.247818
2051	1387	655	220	0.158616	0.335878
2052	852	833	566	0.664319	0.679472
2053	1573	1435	620	0.394151	0.432056
2054	1491	1213	220	0.147552	0.181369
2055	817	651	331	0.405141	0.508449
2056	849	849	220	0.259128	0.259128
2057	1776	776	220	0.123874	0.283505
2058	1352	352	0	0	0
2059	1104	1104	220	0.199275	0.199275
2060	1996	1996	634	0.317635	0.317635
2061	1629	1629	121	0.0742787	0.0742787
2062	1025	0	0	0	0
2063	1140	1140	660	0.578947	0.578947
2064	1150	0	0	0	0
2065	2356	0	0	0	0
2066	1395	0	0	0	0
2067	1187	1187	420	0.353833	0.353833
2068	1687	1687	1527	0.905157	0.905157
2069	1372	1372	452	0.329446	0.329446
2070	1206	1206	440	0.364842	0.364842
2071	851	851	428	0.502938	0.502938
2072	1187	0	0	0	0
2073	1116	1116	395	0.353943	0.353943
2074	1576	139	0	0	0
2075	4307	2307	566	0.131414	0.24534
2076	4748	3748	3520	0.741365	0.939168
2077	1577	1330	220	0.139505	0.165414
2078	1127	127	0	0	0
2079	1143	297	0	0	0
2080	597	597	253	0.423786	0.423786
2081	1355	1355	1648	1.21624	1.21624
2082	699	699	11	0.0157368	0.0157368
2083	1184	1184	678	0.572635	0.572635
2084	1145	0	0	0	0
2085	840	9	0	0	0
2086	1304	1304	1864	1.42945	1.42945
2087	1393	393	0	0	0
2088	1079	1079	640	0.593142	0.593142
2089	1776	49	0	0	0
2090	1792	0	0	0	0
2091	2332	2332	1540	0.660377	0.660377
2092	2363	1000	220	0.093102	0.22
2093	2374	1741	660	0.278012	0.379092
2094	1001	0	0	0	0
2095	1306	1306	824	0.630934	0.630934
2096	1052	1052	0	0	0
2097	961	961	333	0.346514	0.346514
2098	1045	1045	860	0.822967	0.822967
2099	1578	1578	1360	0.86185	0.86185
2100	1578	1578	478	0.302915	0.302915
2101	1440	1243	440	0.305556	0.353982
2102	900	0	0	0	0
2103	859	0	0	0	0
2104	2883	1883	440	0.152619	0.23367
2105	1639	1639	440	0.268456	0.268456
2106	2528	0	0	0	0
2107	2091	474	0	0	0
2108	2192	0	0	0	0
2109	976	976	1312	1.34426	1.34426
2110	1939	939	583	0.30067	0.620873
2111	1453	1453	715	0.492085	0.492085
2112	1004	164	84	0.0836653	0.512195
2113	1272	1272	312	0.245283	0.245283
2114	1412	0	0	0	0
2115	1067	56	0	0	0
2116	2040	1681	982	0.481373	0.584176
2117	1859	1513	273	0.146853	0.180436
2118	1525	596	116	0.0760656	0.194631
2119	1908	1774	1540	0.807128	0.868095
2120	1306	1306	916	0.701378	0.701378
2121	1520	1282	880	0.578947	0.686427
2122	914	0	0	0	0
2123	1547	1547	220	0.142211	0.142211
2124	1787	1787	1058	0.592054	0.592054
2125	1646	1646	1844	1.12029	1.12029
2126	2751	2751	1320	0.479826	0.479826
2127	1213	1213	346	0.285243	0.285243
2128	674	183	3	0.00445104	0.0163934
2129	769	0	0	0	0
2130	561	561	130	0.231729	0.231729
2131	991	316	0	0	0
2132	1477	1477	979	0.66283	0.66283
2133	1560	1560	1100	0.705128	0.705128
2134	902	902	0	0	0
2135	917	917	440	0.479826	0.479826
2136	998	998	275	0.275551	0.275551
2137	1669	1669	2799	1.67705	1.67705
2138	1426	1426	440	0.308555	0.308555
2139	933	933	2221	2.38049	2.38049
2140	1862	1862	324	0.174006	0.174006
2141	1802	981	321	0.178135	0.327217
2142	788	788	440	0.558376	0.558376
2143	1328	1275	615	0.463102	0.482353
2144	1463	1463	976	0.667122	0.667122
2145	1611	939	599	0.371819	0.637913
2146	1094	286	186	0.170018	0.65035
2147	1291	1291	1629	1.26181	1.26181
2148	1416	1416	880	0.621469	0.621469
2149	664	664	220	0.331325	0.331325
2150	2607	713	133	0.0510165	0.186536
2151	951	0	0	0	0
2152	1832	0	0	0	0
2153	1675	1675	1320	0.78806	0.78806
2154	2493	1596	836	0.335339	0.52381
2155	2504	2504	1980	0.790735	0.790735
2156	2510	2510	1243	0.495219	0.495219
2157	2504	504	399	0.159345	0.791667
2158	2537	2537	1080	0.4257	0.4257
2159	2507	2507	1700	0.678101	0.678101
2160	2505	2505	1190	0.47505	0.47505
2161	2515	1515	640	0.254473	0.422442
2162	2515	1869	909	0.361431	0.486356
2163	2511	2511	1320	0.525687	0.525687
2164	2507	1880	720	0.287196	0.382979
2165	2515	1515	914	0.363419	0.6033
2166	2514	2514	1100	0.43755	0.43755
2167	2513	513	28	0.0111421	0.0545809
2168	2508	2508	880	0.350877	0.350877
2169	2509	2143	660	0.263053	0.307979
2170	2576	500	0	0	0
2171	2503	0	0	0	0
2172	2506	1879	440	0.175579	0.234167
2173	2503	2503	1034	0.413104	0.413104
2174	2506	0	0	0	0
2175	2506	2506	953	0.380287	0.380287
2176	2504	1021	220	0.0878594	0.215475
2177	2507	2507	1760	0.702034	0.702034
2178	2506	0	0	0	0
2179	2511	2511	1912	0.76145	0.76145
2180	2512	2512	3080	1.22611	1.22611
2181	2587	2587	1148	0.443757	0.443757
2182	2512	2512	660	0.262739	0.262739
2183	3595	3595	5090	1.41586	1.41586
2184	3529	3529	1740	0.493058	0.493058
2185	3510	3510	1680	0.478632	0.478632
2186	3509	2509	710	0.202337	0.282981
2187	3513	1506	220	0.0626245	0.146082
2188	3509	3026	1520	0.433172	0.502313
2189	3507	3507	1100	0.313658	0.313658
2190	3516	2915	2515	0.715301	0.862779
2191	3512	3512	1410	0.401481	0.401481
2192	3504	2504	1872	0.534247	0.747604
2193	3510	2510	880	0.250712	0.350598
2194	3503	0	0	0	0
2195	3504	2972	1352	0.385845	0.454913
2196	3506	1480	400	0.11409	0.27027
2197	3518	3518	4800	1.36441	1.36441
2198	3501	3501	4353	1.24336	1.24336
2199	3703	3703	1300	0.351067	0.351067
2200	3401	2391	840	0.246986	0.351317
2201	2508	2508	880	0.350877	0.350877
2202	955	117	0	0	0
2203	1039	907	440	0.423484	0.485116
2204	909	541	220	0.242024	0.406654
2205	973	303	0	0	0
2206	1007	0	0	0	0
2207	1528	1528	443	0.289921	0.289921
2208	1022	1022	461	0.451076	0.451076
2209	1342	537	220	0.163934	0.409683
2210	909	909	605	0.665567	0.665567
2211	1180	0	0	0	0
2212	1481	0	0	0	0
2213	1113	1018	178	0.159928	0.174853
2214	330	330	220	0.666667	0.666667
2215	2502	2502	551	0.220224	0.220224
2216	2268	2268	3200	1.41093	1.41093
2217	3342	1000	840	0.251346	0.84
2218	2525	0	0	0	0
2219	2499	1499	880	0.352141	0.587058
2220	2499	1754	440	0.17607	0.250855
2221	3045	3045	1320	0.433498	0.433498
2222	4399	4114	3300	0.75017	0.802139
2223	3501	2501	440	0.125678	0.17593
2224	3510	2608	548	0.156125	0.210123
2225	3506	3506	646	0.184256	0.184256
2226	3125	0	0	0	0
2227	3095	3095	711	0.229725	0.229725
2228	3537	3537	1758	0.497031	0.497031
2229	3931	2485	865	0.220046	0.348089
2230	3956	2023	2909	0.735339	1.43796
2231	4202	0	0	0	0
2232	3820	3820	2581	0.675654	0.675654
2233	3746	2838	2056	0.548852	0.724454
2234	4202	0	0	0	0
2235	3807	1000	420	0.110323	0.42
2236	4533	4165	2200	0.48533	0.528211
2237	4342	4342	880	0.202672	0.202672
2238	2672	1000	220	0.0823353	0.22
2239	3273	3273	2859	0.873511	0.873511
2240	3785	1487	660	0.174373	0.443847
2241	3629	2629	660	0.181868	0.251046
2242	3356	3356	1060	0.315852	0.315852
2243	2371	585	0	0	0
2244	3032	2495	640	0.211082	0.256513
2245	2049	1000	220	0.107369	0.22
2246	2071	1383	263	0.126992	0.190166
2247	2700	2319	1300	0.481481	0.560586
2248	1282	0	0	0	0
2249	1240	0	0	0	0
2250	1889	0	0	0	0
2251	1233	0	0	0	0
2252	1915	915	630	0.328982	0.688525
2253	1959	1959	2396	1.22307	1.22307
2254	1332	907	227	0.17042	0.250276
2255	1678	1678	440	0.262217	0.262217
2256	1572	1572	660	0.419847	0.419847
2257	1924	0	0	0	0
2258	1639	1639	440	0.268456	0.268456
2259	1575	1219	397	0.252063	0.325677
2260	2543	1543	220	0.086512	0.142579
2261	2251	183	0	0	0
2262	1421	0	0	0	0
2263	856	379	219	0.255841	0.577836
2264	1556	1556	1450	0.931877	0.931877
2265	1105	432	220	0.199095	0.509259
2266	3549	0	0	0	0
2267	1547	0	0	0	0
2268	3086	437	0	0	0
2269	2844	2844	880	0.309423	0.309423
2270	1718	1718	468	0.27241	0.27241
2271	2817	2817	2016	0.715655	0.715655
2272	3285	1946	660	0.200913	0.339157
2273	2654	2000	440	0.165787	0.22
2274	1880	1880	640	0.340426	0.340426
2275	1339	1339	439	0.327857	0.327857
2276	1609	609	0	0	0
2277	2553	1553	660	0.258519	0.424984
2278	3016	3016	1080	0.35809	0.35809
2279	3278	2278	2300	0.701647	1.00966
2280	2037	2037	1846	0.906235	0.906235
2281	2966	2966	1694	0.57114	0.57114
2282	2408	1841	961	0.399086	0.521999
2283	2343	1920	440	0.187793	0.229167
2284	1858	1168	188	0.101184	0.160959
2285	3412	1412	220	0.0644783	0.155807
2286	1836	1306	220	0.119826	0.168453
2287	2710	0	0	0	0
2288	1937	0	0	0	0
2289	1004	1004	440	0.438247	0.438247
2290	1409	1409	1170	0.830376	0.830376
2291	4101	2148	440	0.107291	0.204842
2292	3588	1000	220	0.0613155	0.22
2293	3346	2594	1320	0.394501	0.508867
2294	3373	2373	660	0.195672	0.278129
2295	3462	3462	1090	0.314847	0.314847
2296	4395	2605	1080	0.245734	0.414587
2297	3612	3612	1066	0.295127	0.295127
2298	3426	0	0	0	0
2299	3622	2369	660	0.18222	0.278599
2300	3638	3638	2798	0.769104	0.769104
2301	3471	2471	892	0.256986	0.360987
2302	3820	1321	420	0.109948	0.317941
2303	3506	2506	880	0.250998	0.351157
2304	3119	0	0	0	0
2305	4152	4152	1579	0.380299	0.380299
2306	3064	3064	922	0.300914	0.300914
2307	3027	1027	369	0.121903	0.359299
2308	3002	2156	220	0.0732845	0.102041
2309	1240	1240	1300	1.04839	1.04839
2310	2005	1929	949	0.473317	0.491965
2311	3305	3305	1828	0.553101	0.553101
2312	2915	88	0	0	0
2313	2325	1731	440	0.189247	0.254188
2314	1134	0	0	0	0
2315	2511	2066	666	0.265233	0.322362
2316	1515	0	0	0	0
2317	2311	2311	2200	0.951969	0.951969
2318	1561	0	0	0	0
2319	1565	1565	440	0.28115	0.28115
2320	1772	772	792	0.446953	1.02591
2321	1828	828	220	0.12035	0.2657
2322	1892	1157	220	0.116279	0.190147
2323	2335	1679	1839	0.78758	1.09529
2324	2541	1000	220	0.0865801	0.22
2325	2198	430	0	0	0
2326	2432	2432	880	0.361842	0.361842
2327	2111	0	0	0	0
2328	4976	1575	440	0.0884244	0.279365
2329	2999	2999	1356	0.452151	0.452151
2330	4295	4001	1540	0.358556	0.384904
2331	5117	2706	660	0.128982	0.243902
2332	5099	3362	660	0.129437	0.196312
2333	4003	2097	440	0.109918	0.209824
2334	5091	5091	1490	0.292673	0.292673
2335	4706	3782	2722	0.578411	0.719725
2336	4189	4189	4180	0.997852	0.997852
2337	3546	2857	880	0.248167	0.308015
2338	4542	4542	1540	0.339058	0.339058
2339	4775	4775	6402	1.34073	1.34073
2340	4548	3548	1338	0.294195	0.377114
2341	5027	4650	3500	0.69624	0.752688
2342	4244	4244	3520	0.829406	0.829406
2343	3264	1962	502	0.153799	0.255861
2344	3003	2003	460	0.15318	0.229656
2345	3969	1000	440	0.110859	0.44
2346	4594	3348	1268	0.276012	0.378734
2347	3590	3590	440	0.122563	0.122563
2348	4988	1033	220	0.0441059	0.212972
2349	2838	1878	1100	0.387597	0.585729
2350	3138	3138	1757	0.559911	0.559911
2351	4010	3515	1980	0.493766	0.5633
2352	2532	1985	365	0.144155	0.183879
2353	4353	4353	2615	0.600735	0.600735
2354	3072	3048	660	0.214844	0.216535
2355	3822	1822	369	0.0965463	0.202525
2356	3322	1000	220	0.0662252	0.22
2357	3823	2823	1540	0.402825	0.545519
2358	4862	4000	1320	0.271493	0.33
2359	4181	2571	551	0.131787	0.214313
2360	3028	1441	440	0.14531	0.305344
2361	3089	1195	375	0.121399	0.313808
2362	3048	770	220	0.0721785	0.285714
2363	3130	3130	1662	0.53099	0.53099
2364	2918	0	0	0	0
2365	2985	1950	750	0.251256	0.384615
2366	2370	2370	959	0.404641	0.404641
2367	2809	172	112	0.0398718	0.651163
2368	4971	1000	220	0.0442567	0.22
2369	3825	2825	968	0.253072	0.342655
2370	3889	3889	2130	0.547699	0.547699
2371	3805	2962	660	0.173456	0.222822
2372	2730	1083	440	0.161172	0.406279
2373	2011	2011	1238	0.615614	0.615614
2374	2754	2754	880	0.319535	0.319535
2375	2239	1239	219	0.0978115	0.176755
2376	2434	1000	440	0.180772	0.44
2377	3785	1955	440	0.116248	0.225064
2378	4420	4420	2160	0.488688	0.488688
2379	4059	4059	1476	0.363636	0.363636
2380	4229	2229	1520	0.359423	0.68192
2381	3661	2256	1256	0.343076	0.556738
2382	2845	2845	3989	1.40211	1.40211
2383	2702	1097	220	0.0814212	0.200547
2384	3262	3262	1482	0.454323	0.454323
2385	2814	1872	1100	0.390903	0.587607
2386	3074	0	0	0	0
2387	2715	2383	783	0.288398	0.328577
2388	4264	0	0	0	0
2389	3362	1444	1100	0.327186	0.761773
2390	2608	1608	220	0.0843558	0.136816
2391	3401	3401	1740	0.511614	0.511614
2392	2892	2892	2048	0.70816	0.70816
2393	3526	2342	1022	0.289847	0.436379
2394	2579	2579	640	0.248158	0.248158
2395	3699	3000	660	0.178427	0.22
2396	2790	2790	1586	0.568459	0.568459
2397	2885	2747	440	0.152513	0.160175
2398	2773	381	220	0.0793365	0.577428
2399	2801	0	0	0	0
2400	2942	2063	440	0.149558	0.213282
2401	3190	3190	2160	0.677116	0.677116
2402	4638	4638	1540	0.33204	0.33204
2403	4799	4799	1869	0.389456	0.389456
2404	4113	4113	4811	1.16971	1.16971
2405	4255	2712	660	0.155112	0.243363
2406	2736	1736	880	0.321637	0.506912
2407	3480	2480	1540	0.442529	0.620968
2408	2767	2000	440	0.159017	0.22
2409	2686	2342	1540	0.573343	0.657558
2410	4039	4039	1760	0.435751	0.435751
2411	3074	3074	1327	0.431685	0.431685
2412	2458	2381	660	0.268511	0.277194
2413	2857	1000	220	0.0770039	0.22
2414	2648	2648	2288	0.864048	0.864048
2415	2845	340	0	0	0
2416	2578	2578	1300	0.504267	0.504267
2417	2510	1168	660	0.262948	0.565068
2418	2718	718	0	0	0
2419	2889	782	302	0.104534	0.386189
2420	2721	2249	1740	0.639471	0.773677
2421	2826	568	220	0.0778485	0.387324
2422	2527	1000	440	0.17412	0.44
2423	2512	0	0	0	0
2424	2697	1396	880	0.326288	0.630372
2425	3412	471	331	0.0970106	0.70276
2426	2740	1802	440	0.160584	0.244173
2427	2532	2347	1540	0.608215	0.656157
2428	2624	650	70	0.0266768	0.107692
2429	4866	3866	1374	0.282367	0.355406
2430	4182	0	0	0	0
2431	5618	0	0	0	0
2432	3581	3581	1959	0.547054	0.547054
2433	3436	869	220	0.0640279	0.253165
2434	1776	838	220	0.123874	0.26253
2435	5062	4090	3280	0.647965	0.801956
2436	2361	2361	880	0.372723	0.372723
2437	4391	4391	3160	0.719654	0.719654
2438	4017	2791	891	0.221807	0.31924
2439	2691	1564	1320	0.490524	0.84399
2440	3245	1245	190	0.0585516	0.15261
2441	3790	3286	880	0.23219	0.267803
2442	2697	1405	660	0.244716	0.469751
2443	2959	2641	3520	1.18959	1.33283
2444	2491	2491	3312	1.32959	1.32959
2445	3513	0	0	0	0
2446	3036	3036	880	0.289855	0.289855
2447	4426	4426	2400	0.54225	0.54225
2448	2853	2853	1540	0.539783	0.539783
2449	3036	2036	1320	0.434783	0.64833
2450	5145	5145	7644	1.48571	1.48571
2451	3746	3746	1166	0.311265	0.311265
2452	5250	0	0	0	0
2453	3214	3214	1300	0.40448	0.40448
2454	2372	2372	1879	0.792159	0.792159
2455	2773	2773	880	0.317346	0.317346
2456	4215	2650	1500	0.355872	0.566038
2457	3644	2644	660	0.18112	0.249622
2458	4348	2103	440	0.101196	0.209225
2459	3526	3479	1320	0.374362	0.379419
2460	3028	2205	660	0.217966	0.29932
2461	4472	3472	652	0.145796	0.187788
2462	2553	2553	1693	0.663141	0.663141
2463	1938	1938	1540	0.794634	0.794634
2464	2519	2519	1258	0.499405	0.499405
2465	3173	0	0	0	0
2466	2817	2731	880	0.312389	0.322226
2467	2643	0	0	0	0
2468	2873	2873	880	0.3063	0.3063
2469	3611	2611	994	0.27527	0.380697
2470	2267	1267	399	0.176004	0.314917
2471	3510	3510	1320	0.376068	0.376068
2472	2146	0	0	0	0
2473	3747	3271	1171	0.312517	0.357994
2474	5385	0	0	0	0
2475	4479	1479	0	0	0
2476	2897	2558	660	0.227822	0.258014
2477	3522	2031	880	0.249858	0.433284
2478	2819	1819	420	0.148989	0.230896
2479	3603	3603	896	0.248682	0.248682
2480	3749	264	24	0.00640171	0.0909091
2481	4378	2378	880	0.201005	0.370059
2482	5559	4559	2404	0.432452	0.527309
2483	3322	2322	679	0.204395	0.29242
2484	4043	3614	1954	0.483304	0.540675
2485	5768	0	0	0	0
2486	4498	3498	660	0.146732	0.188679
2487	3895	3895	2331	0.59846	0.59846
2488	3379	2379	956	0.282924	0.40185
2489	4033	4033	3997	0.991074	0.991074
2490	2479	0	0	0	0
2491	2598	2447	880	0.338722	0.359624
2492	1170	0	0	0	0
2493	2312	43	0	0	0
2494	1734	147	301	0.173587	2.04762
2495	3224	3224	660	0.204715	0.204715
2496	2202	1311	911	0.413715	0.694889
2497	2574	2574	1980	0.769231	0.769231
2498	2450	2450	1635	0.667347	0.667347
2499	3236	0	0	0	0
2500	3198	1875	1320	0.412758	0.704
2501	2564	1907	367	0.143136	0.192449
2502	1823	988	440	0.24136	0.445344
2503	2487	2219	1739	0.699236	0.783686
2504	2266	2266	2400	1.05914	1.05914
2505	3060	3060	2434	0.795425	0.795425
2506	2926	2926	660	0.225564	0.225564
2507	2909	2909	880	0.302509	0.302509
2508	1485	1420	440	0.296296	0.309859
2509	1790	1790	1083	0.605028	0.605028
2510	2757	2757	1961	0.71128	0.71128
2511	2862	1961	440	0.153739	0.224375
2512	1604	802	220	0.137157	0.274314
2513	2137	1543	660	0.308844	0.427738
2514	3012	3012	1388	0.460823	0.460823
2515	2993	2642	2802	0.936184	1.06056
2516	3008	1277	220	0.0731383	0.172279
2517	3085	3085	1566	0.507618	0.507618
2518	2208	2208	588	0.266304	0.266304
2519	1927	0	0	0	0
2520	2232	0	0	0	0
2521	2018	1412	812	0.402379	0.575071
2522	2742	1742	440	0.160467	0.252583
2523	2014	0	0	0	0
2524	2000	1566	1080	0.54	0.689655
2525	2000	2000	3054	1.527	1.527
2526	2004	2004	2166	1.08084	1.08084
2527	2020	2020	660	0.326733	0.326733
2528	2836	2836	1008	0.35543	0.35543
2529	2067	2067	2163	1.04644	1.04644
2530	2001	622	42	0.0209895	0.0675241
2531	1993	13	0	0	0
2532	2000	1000	220	0.11	0.22
2533	1987	683	0	0	0
2534	1909	0	0	0	0
2535	2527	2527	3111	1.2311	1.2311
2536	3001	2497	640	0.213262	0.256308
2537	2873	2601	1701	0.592064	0.653979
2538	3033	2033	220	0.0725354	0.108214
2539	1420	1420	327	0.230282	0.230282
2540	1903	1903	946	0.49711	0.49711
2541	2219	2219	1300	0.585849	0.585849
2542	2517	360	0	0	0
2543	2418	985	220	0.0909843	0.22335
2544	2059	1059	220	0.106848	0.207743
2545	1597	811	660	0.413275	0.81381
2546	1493	493	0	0	0
2547	2705	825	220	0.0813309	0.266667
2548	1436	494	0	0	0
2549	2026	0	0	0	0
2550	1916	1916	1693	0.883612	0.883612
2551	1510	1000	220	0.145695	0.22
2552	1448	489	0	0	0
2553	3082	3082	762	0.247242	0.247242
2554	4042	980	220	0.0544285	0.22449
2555	2936	1509	220	0.0749319	0.145792
2556	2555	0	0	0	0
2557	2363	2363	2075	0.878121	0.878121
2558	1365	1365	200	0.14652	0.14652
2559	3025	3025	1540	0.509091	0.509091
2560	2987	2987	3067	1.02678	1.02678
2561	1597	597	165	0.103319	0.276382
2562	1979	350	220	0.111167	0.628571
2563	1709	698	220	0.12873	0.315186
2564	2592	592	189	0.0729167	0.319257
2565	2843	204	104	0.0365811	0.509804
2566	2257	2257	2200	0.974745	0.974745
2567	2176	1710	510	0.234375	0.298246
2568	3524	3365	3350	0.950624	0.995542
2569	2001	2001	660	0.329835	0.329835
2570	2978	2978	1730	0.580927	0.580927
2571	2550	1550	688	0.269804	0.443871
2572	2432	2432	880	0.361842	0.361842
2573	2816	1849	1100	0.390625	0.594916
2574	2372	1372	382	0.161046	0.278426
2575	2384	2384	1524	0.639262	0.639262
2576	2260	922	440	0.19469	0.477223
2577	2380	2380	660	0.277311	0.277311
2578	1927	0	0	0	0
2579	3007	0	0	0	0
2580	2435	2104	1124	0.461602	0.534221