0	639	639	33	0.0516432	0.0516432
1	1641	1641	1116	0.680073	0.680073
2	1309	1309	317	0.24217	0.24217
3	1162	1162	200	0.172117	0.172117
4	1390	1390	357	0.256835	0.256835
5	1568	1568	450	0.28699	0.28699
6	1599	1599	440	0.275172	0.275172
7	1433	686	440	0.307048	0.641399
8	1413	1413	440	0.311394	0.311394
9	1616	1616	605	0.374381	0.374381
10	1336	1336	872	0.652695	0.652695
11	1299	1299	411	0.316397	0.316397
12	1664	1664	440	0.264423	0.264423
13	1611	362	182	0.112973	0.502762
14	1645	100	0	0	0
15	1410	1410	228	0.161702	0.161702
16	920	920	440	0.478261	0.478261
17	1562	1562	1038	0.664533	0.664533
18	1581	1581	1221	0.772296	0.772296
19	1576	1576	554	0.351523	0.351523
20	1259	0	0	0	0
21	1322	1322	624	0.472012	0.472012
22	849	849	388	0.457008	0.457008
23	1281	1281	420	0.327869	0.327869
24	1098	1098	443	0.403461	0.403461
25	1192	1192	478	0.401007	0.401007
26	715	715	220	0.307692	0.307692
27	1058	1058	60	0.0567108	0.0567108
28	972	357	0	0	0
29	892	892	220	0.246637	0.246637
30	1929	1929	440	0.228097	0.228097
31	1135	317	137	0.120705	0.432177
32	1284	1284	702	0.546729	0.546729
33	1006	1006	156	0.15507	0.15507
34	1283	1283	1118	0.871395	0.871395
35	970	970	313	0.32268	0.32268
36	929	655	220	0.236814	0.335878
37	2047	2047	660	0.322423	0.322423
38	825	788	468	0.567273	0.593909
39	892	825	420	0.470852	0.509091
40	1144	1144	498	0.435315	0.435315
41	620	620	321	0.517742	0.517742
42	1340	1340	220	0.164179	0.164179
43	916	916	976	1.0655	1.0655
44	1013	1013	660	0.65153	0.65153
45	462	0	0	0	0
46	1507	1507	1041	0.690776	0.690776
47	611	611	624	1.02128	1.02128
48	859	859	22	0.0256112	0.0256112
49	1240	1240	660	0.532258	0.532258
50	951	951	880	0.925342	0.925342
51	1430	1430	479	0.334965	0.334965
52	1092	1092	406	0.371795	0.371795
53	1121	1121	370	0.330062	0.330062
54	1400	1400	368	0.262857	0.262857
55	1127	1127	440	0.390417	0.390417
56	1189	1189	540	0.454163	0.454163
57	1052	1052	646	0.614068	0.614068
58	1466	1466	32	0.0218281	0.0218281
59	858	858	1279	1.49068	1.49068
60	906	0	0	0	0
61	1376	1101	841	0.611192	0.763851
62	729	729	104	0.142661	0.142661
63	1424	1424	919	0.645365	0.645365
64	1241	0	0	0	0
65	1099	1099	1131	1.02912	1.02912
66	961	961	609	0.633715	0.633715
67	1281	1281	200	0.156128	0.156128
68	862	115	0	0	0
69	918	918	440	0.479303	0.479303
70	660	660	89	0.134848	0.134848
71	1155	1155	343	0.29697	0.29697
72	846	846	220	0.260047	0.260047
73	1301	1301	381	0.292852	0.292852
74	1547	1547	1050	0.678733	0.678733
75	1338	863	220	0.164425	0.254925
76	850	850	220	0.258824	0.258824
77	1223	1223	440	0.359771	0.359771
78	1168	1168	1192	1.02055	1.02055
79	1500	1467	220	0.146667	0.149966
80	1243	1243	309	0.248592	0.248592
81	1255	558	220	0.175299	0.394265
82	905	0	0	0	0
83	1309	1309	236	0.18029	0.18029
84	735	0	0	0	0
85	1160	1160	1420	1.22414	1.22414
86	1314	785	0	0	0
87	1137	1137	894	0.78628	0.78628
88	1328	1328	908	0.683735	0.683735
89	1513	1513	599	0.395902	0.395902
90	1465	1279	440	0.300341	0.344019
91	1271	837	177	0.13926	0.21147
92	1462	1441	440	0.300958	0.305344
93	1354	894	0	0	0
94	1598	0	0	0	0
95	3058	3058	2458	0.803793	0.803793
96	2273	2273	704	0.309723	0.309723
97	1470	1470	220	0.14966	0.14966
98	1910	1910	440	0.230366	0.230366
99	1853	1853	1138	0.614139	0.614139
100	1244	1244	654	0.525723	0.525723
101	2020	2020	220	0.108911	0.108911
102	1502	1502	200	0.133156	0.133156
103	1749	1749	405	0.231561	0.231561
104	2890	1000	420	0.145329	0.42
105	1919	1352	220	0.114643	0.162722
106	1702	1702	521	0.30611	0.30611
107	1689	933	220	0.130255	0.235798
108	2110	2110	454	0.215166	0.215166
109	776	242	0	0	0
110	999	14	0	0	0
111	1259	1259	1100	0.873709	0.873709
112	2504	2504	860	0.34345	0.34345
113	520	520	220	0.423077	0.423077
114	2605	2605	1109	0.42572	0.42572
115	835	835	220	0.263473	0.263473
116	779	779	0	0	0
117	1316	433	420	0.319149	0.969977
118	974	974	356	0.365503	0.365503
119	1912	334	0	0	0
120	2085	1151	440	0.211031	0.382276
121	2548	2213	2200	0.863422	0.994126
122	1616	1616	584	0.361386	0.361386
123	1970	1970	1170	0.593909	0.593909
124	2307	1553	1100	0.47681	0.708307
125	1809	1809	1321	0.730238	0.730238
126	1506	1506	660	0.438247	0.438247
127	1661	1532	532	0.320289	0.347258
128	3872	3624	1484	0.383264	0.409492
129	726	726	286	0.393939	0.393939
130	1222	1222	660	0.540098	0.540098
131	1471	711	0	0	0
132	1630	1630	860	0.527607	0.527607
133	1379	1379	865	0.627266	0.627266
134	1467	1077	220	0.149966	0.204271
135	1645	1645	1599	0.972036	0.972036
136	1885	1885	843	0.447215	0.447215
137	1563	1563	590	0.377479	0.377479
138	1210	1210	440	0.363636	0.363636
139	1334	403	0	0	0
140	1187	0	0	0	0
141	1406	1406	228	0.162162	0.162162
142	1065	920	220	0.206573	0.23913
143	1238	1238	220	0.177706	0.177706
144	1552	1552	632	0.407216	0.407216
145	1559	1559	880	0.564464	0.564464
146	1306	1306	440	0.336907	0.336907
147	1350	1350	864	0.64	0.64
148	1435	1435	220	0.15331	0.15331
149	1614	758	440	0.272615	0.580475
150	827	827	507	0.613059	0.613059
151	1903	903	220	0.115607	0.243632
152	1337	1337	220	0.164547	0.164547
153	1461	461	79	0.0540726	0.171367
154	1042	1042	538	0.516315	0.516315
155	1648	1000	660	0.400485	0.66
156	1208	1208	1018	0.842715	0.842715
157	1430	1430	1100	0.769231	0.769231
158	1363	1363	440	0.322817	0.322817
159	1693	1693	1453	0.85824	0.85824
160	1203	1203	660	0.548628	0.548628
161	1198	335	220	0.183639	0.656716
162	1363	1362	440	0.322817	0.323054
163	1506	1506	440	0.292165	0.292165
164	2339	2339	1698	0.725951	0.725951
165	2166	1584	880	0.406279	0.555556
166	2250	2020	660	0.293333	0.326733
167	1334	1334	1394	1.04498	1.04498
168	1818	56	0	0	0
169	2011	2011	732	0.363998	0.363998
170	2163	2163	1382	0.638927	0.638927
171	1743	743	454	0.26047	0.611036
172	1329	1329	440	0.331076	0.331076
173	1296	1296	832	0.641975	0.641975
174	1072	159	119	0.111007	0.748428
175	1803	577	0	0	0
176	1591	1591	751	0.47203	0.47203
177	937	637	440	0.469584	0.690738
178	970	970	548	0.564948	0.564948
179	1462	1462	1222	0.835841	0.835841
180	1560	1560	660	0.423077	0.423077
181	1687	1687	273	0.161826	0.161826
182	1610	1610	392	0.243478	0.243478
183	1641	1641	1540	0.938452	0.938452
184	1468	1468	440	0.299728	0.299728
185	1727	1727	356	0.206138	0.206138
186	1303	1303	378	0.2901	0.2901
187	1806	1806	1100	0.609081	0.609081
188	1541	1541	351	0.227774	0.227774
189	1564	1564	1060	0.677749	0.677749
190	672	672	880	1.30952	1.30952
191	1593	1593	873	0.548023	0.548023
192	1004	1004	440	0.438247	0.438247
193	1042	1042	610	0.585413	0.585413
194	1800	1800	1667	0.926111	0.926111
195	1304	1304	220	0.168712	0.168712
196	2487	2266	660	0.26538	0.291262
197	1358	1358	570	0.419735	0.419735
198	1264	1264	640	0.506329	0.506329
199	1022	1022	316	0.309198	0.309198
200	1992	1992	872	0.437751	0.437751
201	592	592	18	0.0304054	0.0304054
202	1904	1904	1304	0.684874	0.684874
203	1505	1095	750	0.498339	0.684932
204	1649	1649	251	0.152213	0.152213
205	1509	840	580	0.384361	0.690476
206	1762	1762	220	0.124858	0.124858
207	1712	724	48	0.0280374	0.0662983
208	1527	1527	803	0.525868	0.525868
209	1153	1153	660	0.57242	0.57242
210	1355	1355	1233	0.909963	0.909963
211	1412	1412	1320	0.934844	0.934844
212	1017	1017	867	0.852507	0.852507
213	1255	1255	220	0.175299	0.175299
214	1015	1015	444	0.437438	0.437438
215	1562	1562	1073	0.68694	0.68694
216	1920	1920	1320	0.6875	0.6875
217	1626	1626	1123	0.690652	0.690652
218	932	690	250	0.26824	0.362319
219	1340	930	70	0.0522388	0.0752688
220	1224	910	90	0.0735294	0.0989011
221	514	514	423	0.822957	0.822957
222	484	484	8	0.0165289	0.0165289
223	875	875	0	0	0
224	1024	1024	220	0.214844	0.214844
225	720	720	0	0	0
226	2231	2231	910	0.407889	0.407889
227	1266	1266	255	0.201422	0.201422
228	785	785	528	0.672611	0.672611
229	855	855	449	0.525146	0.525146
230	1638	1638	660	0.40293	0.40293
231	1531	1531	220	0.143697	0.143697
232	1009	1009	462	0.457879	0.457879
233	1320	1320	715	0.541667	0.541667
234	1421	1022	1304	0.917664	1.27593
235	560	560	756	1.35	1.35
236	1021	1021	1100	1.07738	1.07738
237	1019	1019	800	0.785083	0.785083
238	1822	1822	2482	1.36224	1.36224
239	1019	1019	660	0.647694	0.647694
240	1703	1703	850	0.499119	0.499119
241	1111	1111	1100	0.990099	0.990099
242	614	614	440	0.716612	0.716612
243	742	742	220	0.296496	0.296496
244	1337	1337	880	0.65819	0.65819
245	1222	1222	880	0.720131	0.720131
246	1551	1551	1403	0.904578	0.904578
247	1305	1305	525	0.402299	0.402299
248	1122	1122	1022	0.910873	0.910873
249	709	709	420	0.592384	0.592384
250	2028	1028	220	0.108481	0.214008
251	1197	1197	432	0.360902	0.360902
252	1325	1325	1358	1.02491	1.02491
253	453	453	233	0.514349	0.514349
254	858	858	163	0.189977	0.189977
255	1405	1405	844	0.600712	0.600712
256	751	751	150	0.199734	0.199734
257	663	663	220	0.331825	0.331825
258	612	612	401	0.655229	0.655229
259	1332	1332	1304	0.978979	0.978979
260	1048	1048	660	0.629771	0.629771
261	967	967	390	0.403309	0.403309
262	782	782	409	0.523018	0.523018
263	1164	1164	702	0.603093	0.603093
264	632	632	230	0.363924	0.363924
265	606	0	0	0	0
266	1105	1105	1023	0.925792	0.925792
267	1102	1102	586	0.53176	0.53176
268	721	721	220	0.305132	0.305132
269	1898	1898	2423	1.27661	1.27661
270	1599	1171	631	0.394622	0.538856
271	501	501	379	0.756487	0.756487
272	1588	1588	846	0.532746	0.532746
273	909	909	613	0.674367	0.674367
274	613	613	0	0	0
275	816	816	126	0.154412	0.154412
276	321	321	432	1.34579	1.34579
277	648	648	844	1.30247	1.30247
278	609	609	220	0.361248	0.361248
279	1109	1109	814	0.733995	0.733995
280	759	759	404	0.532279	0.532279
281	1545	894	94	0.0608414	0.105145
282	1367	1253	1953	1.42868	1.55866
283	1602	1602	1578	0.985019	0.985019
284	2211	1282	220	0.0995025	0.171607
285	524	44	0	0	0
286	1137	1137	102	0.0897098	0.0897098
287	1449	1449	660	0.455487	0.455487
288	1438	1438	440	0.305981	0.305981
289	757	139	39	0.0515192	0.280576
290	1473	1473	724	0.491514	0.491514
291	1117	207	0	0	0
292	720	720	0	0	0
293	778	778	0	0	0
294	1323	1323	322	0.243386	0.243386
295	1712	1712	2836	1.65654	1.65654
296	881	881	435	0.493757	0.493757
297	1258	1258	220	0.174881	0.174881
298	681	3	0	0	0
299	1898	1898	1320	0.695469	0.695469
300	525	525	385	0.733333	0.733333
301	709	709	325	0.458392	0.458392
302	428	428	220	0.514019	0.514019
303	1045	1045	660	0.631579	0.631579
304	700	700	660	0.942857	0.942857
305	705	705	724	1.02695	1.02695
306	440	440	104	0.236364	0.236364
307	748	748	388	0.518717	0.518717
308	1355	1355	1414	1.04354	1.04354
309	1819	819	208	0.114349	0.253968
310	1311	336	0	0	0
311	770	770	391	0.507792	0.507792
312	704	704	244	0.346591	0.346591
313	1023	0	0	0	0
314	974	974	876	0.899384	0.899384
315	705	705	718	1.01844	1.01844
316	2149	2149	954	0.443927	0.443927
317	2976	1976	596	0.200269	0.301619
318	1200	1200	880	0.733333	0.733333
319	883	812	200	0.226501	0.246305
320	902	902	660	0.731707	0.731707
321	1674	1674	2119	1.26583	1.26583
322	1127	1127	451	0.400177	0.400177
323	714	714	0	0	0
324	521	521	0	0	0
325	1037	1037	2865	2.76278	2.76278
326	967	967	116	0.119959	0.119959
327	709	709	220	0.310296	0.310296
328	595	595	404	0.678992	0.678992
329	1133	1133	427	0.376876	0.376876
330	1453	1453	819	0.563661	0.563661
331	1224	1224	660	0.539216	0.539216
332	1606	1606	220	0.136986	0.136986
333	1704	1457	220	0.129108	0.150995
334	1041	120	0	0	0
335	1046	1046	306	0.292543	0.292543
336	881	881	11	0.0124858	0.0124858
337	820	820	560	0.682927	0.682927
338	1260	1260	772	0.612698	0.612698
339	1013	1013	544	0.537019	0.537019
340	1454	1454	756	0.519945	0.519945
341	858	858	220	0.25641	0.25641
342	1690	1210	440	0.260355	0.363636
343	889	889	452	0.508436	0.508436
344	1066	1066	220	0.206379	0.206379
345	1215	1215	393	0.323457	0.323457
346	1321	1321	220	0.16654	0.16654
347	1012	942	342	0.337945	0.363057
348	602	602	0	0	0
349	677	677	0	0	0
350	505	505	0	0	0
351	800	800	645	0.80625	0.80625
352	722	722	0	0	0
353	1564	1564	1100	0.703325	0.703325
354	1624	1095	575	0.354064	0.525114
355	615	615	224	0.364228	0.364228
356	1022	294	0	0	0
357	1810	1047	880	0.486188	0.840497
358	1664	1664	660	0.396635	0.396635
359	1020	1020	320	0.313725	0.313725
360	969	969	409	0.422085	0.422085
361	847	847	220	0.25974	0.25974
362	1064	1064	1300	1.2218	1.2218
363	957	957	398	0.415883	0.415883
364	1724	913	660	0.382831	0.722892
365	1713	1713	961	0.561004	0.561004
366	603	603	413	0.684909	0.684909
367	767	0	0	0	0
368	781	751	220	0.28169	0.292943
369	1024	419	0	0	0
370	772	772	80	0.103627	0.103627
371	938	938	326	0.347548	0.347548
372	872	872	880	1.00917	1.00917
373	929	929	541	0.582347	0.582347
374	556	556	1466	2.63669	2.63669
375	526	526	346	0.657795	0.657795
376	824	430	150	0.182039	0.348837
377	986	783	223	0.226166	0.284802
378	1173	173	41	0.0349531	0.236994
379	1401	1401	366	0.261242	0.261242
380	2748	2139	1100	0.400291	0.514259
381	2170	2170	1970	0.907834	0.907834
382	1687	1571	440	0.260818	0.280076
383	2166	1545	220	0.10157	0.142395
384	1431	803	220	0.153739	0.273973
385	531	531	963	1.81356	1.81356
386	3237	3237	2257	0.697251	0.697251
387	731	0	0	0	0
388	758	758	440	0.580475	0.580475
389	1876	1876	880	0.469083	0.469083
390	992	992	1078	1.08669	1.08669
391	703	703	478	0.679943	0.679943
392	704	704	200	0.284091	0.284091
393	643	643	416	0.646967	0.646967
394	811	811	259	0.319359	0.319359
395	654	363	0	0	0
396	999	999	1058	1.05906	1.05906
397	1089	1089	1449	1.33058	1.33058
398	905	905	220	0.243094	0.243094
399	786	786	216	0.274809	0.274809
400	751	751	220	0.292943	0.292943
401	898	217	37	0.0412027	0.170507
402	1418	1218	220	0.155148	0.180624
403	1158	1158	642	0.554404	0.554404
404	964	964	205	0.212656	0.212656
405	1015	1015	235	0.231527	0.231527
406	866	866	286	0.330254	0.330254
407	850	729	220	0.258824	0.301783
408	945	0	0	0	0
409	850	850	388	0.456471	0.456471
410	1062	925	165	0.155367	0.178378
411	733	251	0	0	0
412	971	971	464	0.477858	0.477858
413	632	522	220	0.348101	0.421456
414	721	721	1075	1.49098	1.49098
415	1101	1101	326	0.296094	0.296094
416	1148	608	220	0.191638	0.361842
417	1113	729	489	0.439353	0.670782
418	607	607	231	0.38056	0.38056
419	838	838	2042	2.43675	2.43675
420	641	641	607	0.946958	0.946958
421	906	906	486	0.536424	0.536424
422	1075	1075	1060	0.986047	0.986047
423	854	854	1138	1.33255	1.33255
424	514	514	880	1.71206	1.71206
425	1754	1754	1471	0.838655	0.838655
426	1213	1213	533	0.439406	0.439406
427	605	605	220	0.363636	0.363636
428	1275	1275	1815	1.42353	1.42353
429	739	739	399	0.539919	0.539919
430	1056	439	0	0	0
431	557	557	110	0.197487	0.197487
432	653	653	79	0.12098	0.12098
433	562	562	703	1.25089	1.25089
434	503	503	0	0	0
435	639	639	220	0.344288	0.344288
436	1036	1036	242	0.233591	0.233591
437	554	0	0	0	0
438	1199	1199	377	0.314429	0.314429
439	549	549	220	0.400729	0.400729
440	2100	1100	220	0.104762	0.2
441	512	512	72	0.140625	0.140625
442	801	801	237	0.29588	0.29588
443	599	599	0	0	0
444	513	513	418	0.814815	0.814815
445	1637	1637	633	0.386683	0.386683
446	1200	1200	353	0.294167	0.294167
447	850	850	610	0.717647	0.717647
448	349	349	0	0	0
449	699	644	660	0.944206	1.02484
450	1301	1301	2095	1.6103	1.6103
451	374	374	589	1.57487	1.57487
452	899	899	221	0.245829	0.245829
453	899	899	0	0	0
454	900	900	220	0.244444	0.244444
455	1238	696	816	0.659128	1.17241
456	899	899	539	0.599555	0.599555
457	717	717	440	0.613668	0.613668
458	627	106	66	0.105263	0.622642
459	2086	2086	1121	0.537392	0.537392
460	2333	1333	880	0.377197	0.660165
461	2171	1800	660	0.304007	0.366667
462	2123	2123	327	0.154027	0.154027
463	1575	1575	440	0.279365	0.279365
464	1487	1487	786	0.528581	0.528581
465	2015	2015	1572	0.780149	0.780149
466	1193	1193	1374	1.15172	1.15172
467	1578	1578	880	0.557668	0.557668
468	1121	1121	766	0.683318	0.683318
469	1114	1114	790	0.709156	0.709156
470	1414	1414	527	0.372702	0.372702
471	2170	2170	2037	0.93871	0.93871
472	1031	937	220	0.213385	0.234792
473	1435	567	67	0.0466899	0.118166
474	1279	1279	220	0.172009	0.172009
475	1426	1426	573	0.401823	0.401823
476	1752	1752	875	0.499429	0.499429
477	1576	576	350	0.222081	0.607639
478	1069	1069	933	0.872778	0.872778
479	1965	1965	880	0.447837	0.447837
480	1053	373	253	0.240266	0.678284
481	1730	1730	898	0.519075	0.519075
482	1022	0	0	0	0
483	1720	1720	1300	0.755814	0.755814
484	907	907	777	0.85667	0.85667
485	894	894	440	0.49217	0.49217
486	1059	1059	880	0.830973	0.830973
487	1103	1103	220	0.199456	0.199456
488	784	784	197	0.251276	0.251276
489	2382	1415	615	0.258186	0.434629
490	2220	742	220	0.0990991	0.296496
491	1409	1409	958	0.679915	0.679915
492	834	834	731	0.876499	0.876499
493	1296	178	0	0	0
494	1848	1848	668	0.361472	0.361472
495	1357	1357	529	0.389831	0.389831
496	995	995	660	0.663317	0.663317
497	1285	1285	1945	1.51362	1.51362
498	977	977	220	0.225179	0.225179
499	1883	1883	766	0.406798	0.406798
500	1308	1308	1019	0.779052	0.779052
501	1097	1097	317	0.28897	0.28897
502	1409	883	220	0.156139	0.249151
503	1479	1479	251	0.169709	0.169709
504	929	929	880	0.947255	0.947255
505	1088	1088	950	0.873162	0.873162
506	1480	1480	220	0.148649	0.148649
507	1093	978	478	0.437328	0.488753
508	1022	1022	1095	1.07143	1.07143
509	776	776	156	0.201031	0.201031
510	1141	1141	0	0	0
511	2303	2303	525	0.227964	0.227964
512	681	681	380	0.558003	0.558003
513	1006	1006	1958	1.94632	1.94632
514	1080	1080	15	0.0138889	0.0138889
515	904	501	220	0.243363	0.439122
516	1365	1365	839	0.614652	0.614652
517	1334	1334	654	0.490255	0.490255
518	1635	1635	1218	0.744954	0.744954
519	1008	660	0	0	0
520	1235	1235	1320	1.06883	1.06883
521	1322	1322	880	0.665658	0.665658
522	1142	0	0	0	0
523	1334	1334	1036	0.776612	0.776612
524	1677	1217	237	0.141324	0.194741
525	1025	1025	1485	1.44878	1.44878
526	1136	688	0	0	0
527	1307	1307	367	0.280796	0.280796
528	1053	1053	851	0.808167	0.808167
529	873	0	0	0	0
530	1276	1276	308	0.241379	0.241379
531	977	977	440	0.450358	0.450358
532	1891	1891	880	0.465362	0.465362
533	1305	1305	865	0.662835	0.662835
534	1798	1798	860	0.478309	0.478309
535	1143	1143	766	0.670166	0.670166
536	855	855	872	1.01988	1.01988
537	1653	1653	905	0.547489	0.547489
538	838	838	862	1.02864	1.02864
539	811	811	291	0.358816	0.358816
540	1628	816	440	0.27027	0.539216
541	1356	1356	636	0.469027	0.469027
542	1096	1096	1320	1.20438	1.20438
543	1055	1055	468	0.443602	0.443602
544	1472	1472	1540	1.0462	1.0462
545	1676	1676	1520	0.906921	0.906921
546	743	743	61	0.0820996	0.0820996
547	944	944	340	0.360169	0.360169
548	924	924	312	0.337662	0.337662
549	1450	1004	440	0.303448	0.438247
550	1350	1350	1330	0.985185	0.985185
551	768	768	0	0	0
552	503	503	591	1.17495	1.17495
553	1123	343	0	0	0
554	1223	1223	72	0.0588716	0.0588716
555	1644	1644	868	0.527981	0.527981
556	872	872	660	0.756881	0.756881
557	581	581	0	0	0
558	1375	1375	570	0.414545	0.414545
559	1656	1656	1276	0.770531	0.770531
560	759	759	971	1.27931	1.27931
561	1660	1660	423	0.254819	0.254819
562	1137	1137	283	0.248901	0.248901
563	1451	1451	713	0.491385	0.491385
564	1377	1377	0	0	0
565	1059	789	769	0.726157	0.974651
566	1259	1000	440	0.349484	0.44
567	883	883	220	0.249151	0.249151
568	949	949	635	0.669125	0.669125
569	950	0	0	0	0
570	1287	1140	420	0.32634	0.368421
571	1049	1049	230	0.219256	0.219256
572	1246	1246	860	0.690209	0.690209
573	902	902	216	0.239468	0.239468
574	1154	1154	609	0.52773	0.52773
575	1049	1049	420	0.400381	0.400381
576	1331	1331	891	0.669421	0.669421
577	1003	1003	880	0.877368	0.877368
578	1384	1384	1445	1.04408	1.04408
579	1359	1359	220	0.161884	0.161884
580	1160	1160	414	0.356897	0.356897
581	1614	614	234	0.144981	0.381107
582	958	958	660	0.688935	0.688935
583	1727	1727	660	0.382166	0.382166
584	1141	1141	108	0.0946538	0.0946538
585	1243	867	0	0	0
586	748	748	0	0	0
587	1859	1859	498	0.267886	0.267886
588	1250	1250	660	0.528	0.528
589	1657	1657	376	0.226916	0.226916
590	1762	1762	440	0.249716	0.249716
591	1148	1148	660	0.574913	0.574913
592	1086	1086	818	0.753223	0.753223
593	798	798	220	0.275689	0.275689
594	784	784	364	0.464286	0.464286
595	964	964	440	0.456432	0.456432
596	1207	1207	226	0.187241	0.187241
597	809	809	880	1.08776	1.08776
598	1014	1014	843	0.831361	0.831361
599	992	992	772	0.778226	0.778226
600	929	929	440	0.473628	0.473628
601	1233	1233	718	0.58232	0.58232
602	1247	1247	1760	1.41139	1.41139
603	1279	1279	420	0.328382	0.328382
604	1074	1074	440	0.409683	0.409683
605	1153	962	64	0.0555074	0.0665281
606	1273	1273	497	0.390416	0.390416
607	1117	1117	220	0.196956	0.196956
608	1041	1041	315	0.302594	0.302594
609	1242	1242	660	0.531401	0.531401
610	1141	1141	826	0.723926	0.723926
611	1106	1106	880	0.79566	0.79566
612	1718	718	143	0.0832363	0.199164
613	1101	1101	304	0.276113	0.276113
614	1118	1118	780	0.697674	0.697674
615	1015	830	220	0.216749	0.26506
616	1382	850	440	0.318379	0.517647
617	847	847	728	0.859504	0.859504
618	918	918	220	0.239651	0.239651
619	1254	1254	1710	1.36364	1.36364
620	1213	1213	521	0.429514	0.429514
621	1540	1540	440	0.285714	0.285714
622	1321	1321	761	0.576079	0.576079
623	1313	1313	510	0.388423	0.388423
624	1065	1065	633	0.594366	0.594366
625	875	459	0	0	0
626	1017	1017	440	0.432645	0.432645
627	973	973	293	0.301131	0.301131
628	1350	866	326	0.241481	0.376443
629	677	677	220	0.324963	0.324963
630	1299	1299	1100	0.846805	0.846805
631	821	821	475	0.578563	0.578563
632	971	971	229	0.235839	0.235839
633	652	652	0	0	0
634	1191	1191	264	0.221662	0.221662
635	665	665	930	1.3985	1.3985
636	1065	1065	147	0.138028	0.138028
637	1187	588	0	0	0
638	1229	1229	220	0.179007	0.179007
639	742	742	966	1.30189	1.30189
640	1137	1137	517	0.454705	0.454705
641	1330	1330	437	0.328571	0.328571
642	1040	1040	793	0.7625	0.7625
643	1221	1221	598	0.489762	0.489762
644	1332	1332	440	0.33033	0.33033
645	1630	1429	1249	0.766258	0.874038
646	769	769	220	0.286086	0.286086
647	943	943	440	0.466596	0.466596
648	1183	1183	883	0.746407	0.746407
649	1461	461	440	0.301164	0.954447
650	1285	875	315	0.245136	0.36
651	799	799	139	0.173967	0.173967
652	932	932	372	0.399142	0.399142
653	1143	1036	572	0.500437	0.552124
654	857	857	220	0.256709	0.256709
655	1077	1077	1350	1.25348	1.25348
656	1065	871	220	0.206573	0.252583
657	1174	1174	440	0.374787	0.374787
658	1329	402	226	0.170053	0.562189
659	907	907	420	0.463065	0.463065
660	901	59	19	0.0210877	0.322034
661	903	903	783	0.86711	0.86711
662	1370	1370	440	0.321168	0.321168
663	1058	1058	701	0.662571	0.662571
664	974	338	0	0	0
665	1272	1272	1058	0.831761	0.831761
666	1075	1075	381	0.354419	0.354419
667	1160	160	0	0	0
668	1270	668	428	0.337008	0.640719
669	1096	1096	653	0.595803	0.595803
670	786	786	502	0.638677	0.638677
671	1524	1524	860	0.564304	0.564304
672	1138	1138	13	0.0114236	0.0114236
673	1022	1022	501	0.490215	0.490215
674	1088	1088	660	0.606618	0.606618
675	856	856	562	0.656542	0.656542
676	1237	1237	440	0.355699	0.355699
677	1067	1067	440	0.412371	0.412371
678	729	580	180	0.246914	0.310345
679	1284	1284	177	0.13785	0.13785
680	2141	2141	1241	0.579636	0.579636
681	1179	1179	661	0.560645	0.560645
682	1084	1084	334	0.308118	0.308118
683	1231	1231	1280	1.03981	1.03981
684	1877	1877	317	0.168887	0.168887
685	1421	1421	600	0.422238	0.422238
686	1041	1041	1021	0.980788	0.980788
687	976	976	622	0.637295	0.637295
688	1185	1185	1096	0.924895	0.924895
689	1589	1589	1081	0.680302	0.680302
690	914	340	0	0	0
691	1234	1234	220	0.178282	0.178282
692	1050	692	592	0.56381	0.855491
693	857	857	220	0.256709	0.256709
694	1576	1576	796	0.505076	0.505076
695	688	688	336	0.488372	0.488372
696	1696	1696	440	0.259434	0.259434
697	1512	1512	877	0.580026	0.580026
698	1192	1192	267	0.223993	0.223993
699	1107	1107	440	0.397471	0.397471
700	1195	1195	660	0.552301	0.552301
701	810	156	0	0	0
702	1545	1545	5836	3.77735	3.77735
703	1006	1006	632	0.628231	0.628231
704	634	634	423	0.667192	0.667192
705	1399	868	440	0.31451	0.506912
706	1301	576	376	0.289008	0.652778
707	902	136	0	0	0
708	1113	0	0	0	0
709	1134	1134	6800	5.99647	5.99647
710	1661	1661	1300	0.782661	0.782661
711	1101	1101	1176	1.06812	1.06812
712	1117	592	0	0	0
713	1685	1685	532	0.315727	0.315727
714	1331	1331	600	0.450789	0.450789
715	1610	1328	868	0.53913	0.653614
716	904	904	522	0.577434	0.577434
717	670	0	0	0	0
718	930	930	410	0.44086	0.44086
719	1279	1279	440	0.344019	0.344019
720	928	928	440	0.474138	0.474138
721	1500	1000	220	0.146667	0.22
722	1283	1283	343	0.267342	0.267342
723	776	776	409	0.527062	0.527062
724	686	0	0	0	0
725	895	895	0	0	0
726	1297	1297	500	0.385505	0.385505
727	975	975	426	0.436923	0.436923
728	1313	1313	880	0.670221	0.670221
729	886	886	0	0	0
730	1119	1119	1143	1.02145	1.02145
731	1091	1091	772	0.707608	0.707608
732	1197	1108	200	0.167084	0.180505
733	1274	1274	1434	1.12559	1.12559
734	803	803	220	0.273973	0.273973
735	785	785	308	0.392357	0.392357
736	973	973	1062	1.09147	1.09147
737	1226	1226	880	0.717781	0.717781
738	841	111	0	0	0
739	941	941	440	0.467588	0.467588
740	1028	1028	220	0.214008	0.214008
741	1283	885	730	0.568979	0.824859
742	1740	1740	872	0.501149	0.501149
743	870	870	0	0	0
744	849	22	0	0	0
745	1143	984	220	0.192476	0.223577
746	1591	1591	451	0.28347	0.28347
747	1401	946	1346	0.960742	1.42283
748	1071	1071	814	0.760037	0.760037
749	2019	2019	1080	0.534918	0.534918
750	1122	1122	377	0.336007	0.336007
751	1041	1041	220	0.211335	0.211335
752	993	993	660	0.664653	0.664653
753	1098	1098	458	0.417122	0.417122
754	947	947	660	0.696938	0.696938
755	715	242	82	0.114685	0.338843
756	615	370	0	0	0
757	1400	1229	969	0.692143	0.788446
758	981	981	440	0.448522	0.448522
759	983	983	220	0.223805	0.223805
760	673	673	505	0.750371	0.750371
761	824	824	220	0.26699	0.26699
762	1240	1240	220	0.177419	0.177419
763	1006	1006	146	0.145129	0.145129
764	1043	1043	220	0.21093	0.21093
765	949	949	880	0.927292	0.927292
766	1158	1158	220	0.189983	0.189983
767	1288	1288	880	0.68323	0.68323
768	955	955	111	0.11623	0.11623
769	970	529	660	0.680412	1.24764
770	840	23	0	0	0
771	1436	1436	264	0.183844	0.183844
772	1697	1697	220	0.129641	0.129641
773	1750	1750	534	0.305143	0.305143
774	1600	1600	2200	1.375	1.375
775	818	818	366	0.447433	0.447433
776	1016	1016	1023	1.00689	1.00689
777	1283	1084	220	0.171473	0.202952
778	1280	281	220	0.171875	0.782918
779	1707	1707	567	0.332162	0.332162
780	1906	1906	1727	0.906086	0.906086
781	951	432	212	0.222923	0.490741
782	1400	1400	858	0.612857	0.612857
783	1132	1132	0	0	0
784	1612	1612	220	0.136476	0.136476
785	2442	2442	1630	0.667486	0.667486
786	1323	985	325	0.245654	0.329949
787	1670	1670	763	0.456886	0.456886
788	1466	1466	6734	4.59345	4.59345
789	1559	1559	663	0.425273	0.425273
790	1832	1832	907	0.495087	0.495087
791	888	888	361	0.406532	0.406532
792	2258	2258	1321	0.585031	0.585031
793	1718	1718	703	0.409197	0.409197
794	1707	1707	880	0.515524	0.515524
795	2291	2289	1469	0.641205	0.641765
796	1208	1208	640	0.529801	0.529801
797	1613	1613	1738	1.0775	1.0775
798	1604	1604	844	0.526185	0.526185
799	1818	1526	660	0.363036	0.432503
800	1277	1277	440	0.344558	0.344558
801	1909	1909	788	0.412782	0.412782
802	1409	1409	504	0.3577	0.3577
803	774	774	1272	1.64341	1.64341
804	518	518	298	0.57529	0.57529
805	1052	1052	396	0.376426	0.376426
806	975	458	356	0.365128	0.777293
807	1608	1355	220	0.136816	0.162362
808	1382	1382	860	0.622287	0.622287
809	998	998	220	0.220441	0.220441
810	774	0	0	0	0
811	930	214	0	0	0
812	986	986	693	0.70284	0.70284
813	1449	1449	886	0.611456	0.611456
814	1337	1337	630	0.471204	0.471204
815	1425	1425	536	0.37614	0.37614
816	868	868	1041	1.19931	1.19931
817	765	765	0	0	0
818	577	577	79	0.136915	0.136915
819	1012	643	440	0.434783	0.684292
820	1309	1281	640	0.488923	0.49961
821	711	711	440	0.618847	0.618847
822	2093	2093	2413	1.15289	1.15289
823	1632	1632	640	0.392157	0.392157
824	2570	2570	1470	0.571984	0.571984
825	2367	2289	1538	0.649768	0.671909
826	1669	1669	1466	0.87837	0.87837
827	1827	1827	220	0.120416	0.120416
828	1171	1171	880	0.751494	0.751494
829	1416	1416	640	0.451977	0.451977
830	1665	1665	395	0.237237	0.237237
831	1694	1694	2537	1.49764	1.49764
832	2860	2860	2348	0.820979	0.820979
833	1177	1177	879	0.746814	0.746814
834	2276	856	0	0	0
835	1419	1419	793	0.558844	0.558844
836	1872	1872	220	0.117521	0.117521
837	1006	362	0	0	0
838	1405	874	440	0.313167	0.503432
839	1272	972	112	0.0880503	0.115226
840	1919	1919	880	0.458572	0.458572
841	2214	1402	220	0.0993677	0.156919
842	1470	1470	1320	0.897959	0.897959
843	1236	1236	880	0.711974	0.711974
844	1140	1140	1110	0.973684	0.973684
845	1404	1404	880	0.626781	0.626781
846	1866	1866	440	0.235798	0.235798
847	1634	1634	339	0.207466	0.207466
848	1467	1467	718	0.489434	0.489434
849	1488	1488	440	0.295699	0.295699
850	1461	1461	452	0.309377	0.309377
851	1473	1473	440	0.29871	0.29871
852	1753	1753	770	0.439247	0.439247
853	1279	1279	440	0.344019	0.344019
854	1975	1975	1516	0.767595	0.767595
855	1912	1912	1100	0.575314	0.575314
856	1246	1246	660	0.529695	0.529695
857	1493	1493	753	0.504354	0.504354
858	2030	1876	660	0.325123	0.351812
859	1395	868	660	0.473118	0.760369
860	1141	1141	862	0.755478	0.755478
861	1442	517	634	0.439667	1.22631
862	1312	1312	796	0.606707	0.606707
863	1240	1240	265	0.21371	0.21371
864	1424	692	660	0.463483	0.953757
865	1711	1711	953	0.556984	0.556984
866	1492	1492	1030	0.690349	0.690349
867	1434	1434	640	0.446304	0.446304
868	1434	1434	1572	1.09623	1.09623
869	1889	1889	1253	0.663314	0.663314
870	1447	1447	440	0.304077	0.304077
871	986	986	660	0.669371	0.669371
872	1356	1356	950	0.70059	0.70059
873	1605	1605	440	0.274143	0.274143
874	758	758	0	0	0
875	1635	1635	1357	0.829969	0.829969
876	1815	1815	984	0.542149	0.542149
877	1552	1552	1332	0.858247	0.858247
878	2169	2169	1100	0.507146	0.507146
879	1318	1318	220	0.16692	0.16692
880	1378	1378	440	0.319303	0.319303
881	1805	1805	300	0.166205	0.166205
882	1361	1270	230	0.168993	0.181102
883	1957	1957	1216	0.621359	0.621359
884	1602	1332	1320	0.82397	0.990991
885	1847	1026	440	0.238224	0.42885
886	1438	1438	486	0.337969	0.337969
887	1525	1525	1773	1.16262	1.16262
888	1344	0	0	0	0
889	1176	1176	884	0.751701	0.751701
890	1343	1343	440	0.327625	0.327625
891	1631	1631	631	0.386879	0.386879
892	1564	1564	440	0.28133	0.28133
893	2109	1197	640	0.303461	0.53467
894	1301	1301	1721	1.32283	1.32283
895	786	786	546	0.694656	0.694656
896	1190	1190	880	0.739496	0.739496
897	1406	577	0	0	0
898	1310	1310	220	0.167939	0.167939
899	1302	1302	660	0.506912	0.506912
900	1557	1557	880	0.565189	0.565189
901	1639	1639	1320	0.805369	0.805369
902	1274	1274	431	0.338305	0.338305
903	1468	1468	1534	1.04496	1.04496
904	2067	2067	1959	0.94775	0.94775
905	1535	1535	916	0.596743	0.596743
906	2776	2000	440	0.158501	0.22
907	1307	346	0	0	0
908	940	898	440	0.468085	0.489978
909	2982	2844	1708	0.57277	0.600563
910	1514	514	0	0	0
911	1276	1276	440	0.344828	0.344828
912	1598	1598	440	0.275344	0.275344
913	1408	1408	1628	1.15625	1.15625
914	1377	1377	377	0.273784	0.273784
915	1356	1356	220	0.162242	0.162242
916	1303	1303	440	0.337682	0.337682
917	878	271	0	0	0
918	1342	1342	482	0.359165	0.359165
919	1758	0	0	0	0
920	2058	1621	241	0.117104	0.148674
921	1504	1181	220	0.146277	0.186283
922	1123	1123	523	0.465717	0.465717
923	2672	1672	895	0.334955	0.535287
924	2026	1000	220	0.108588	0.22
925	2016	2016	549	0.272321	0.272321
926	2482	1966	880	0.354553	0.447609
927	1969	1969	1412	0.717115	0.717115
928	1270	1270	640	0.503937	0.503937
929	1111	1111	171	0.153915	0.153915
930	1682	682	219	0.130202	0.321114
931	877	59	0	0	0
932	1201	1064	544	0.452956	0.511278
933	1467	1467	200	0.136333	0.136333
934	1430	1430	285	0.199301	0.199301
935	1497	1497	660	0.440882	0.440882
936	1491	819	440	0.295104	0.537241
937	1248	1248	220	0.176282	0.176282
938	1162	1162	350	0.301205	0.301205
939	1408	1137	597	0.424006	0.525066
940	1335	1335	482	0.361049	0.361049
941	1831	1831	440	0.240306	0.240306
942	1358	1358	1443	1.06259	1.06259
943	1054	352	0	0	0
944	2567	2567	1100	0.428516	0.428516
945	1016	174	134	0.13189	0.770115
946	1397	609	0	0	0
947	999	999	1714	1.71572	1.71572
948	1382	1382	1100	0.795948	0.795948
949	1664	1664	880	0.528846	0.528846
950	1363	1363	597	0.438004	0.438004
951	1120	1120	538	0.480357	0.480357
952	1239	1239	204	0.164649	0.164649
953	1995	995	232	0.116291	0.233166
954	1863	1863	1980	1.0628	1.0628
955	1408	1408	993	0.705256	0.705256
956	1261	1261	651	0.516257	0.516257
957	1311	810	430	0.327994	0.530864
958	1982	1982	1013	0.5111	0.5111
959	1295	1295	835	0.644788	0.644788
960	825	825	1181	1.43152	1.43152
961	1351	1351	616	0.455959	0.455959
962	1330	1330	860	0.646617	0.646617
963	1196	1196	754	0.630435	0.630435
964	1417	1417	660	0.465773	0.465773
965	1129	215	0	0	0
966	1736	1736	660	0.380184	0.380184
967	1286	1286	660	0.513219	0.513219
968	1045	1045	505	0.483254	0.483254
969	1875	1000	220	0.117333	0.22
970	1189	1189	620	0.521447	0.521447
971	2608	2608	1914	0.733896	0.733896
972	1448	971	831	0.573895	0.855819
973	1952	1507	880	0.45082	0.583942
974	1099	1099	374	0.340309	0.340309
975	1797	1797	1872	1.04174	1.04174
976	1271	1271	660	0.519276	0.519276
977	1263	1263	660	0.522565	0.522565
978	1804	1804	660	0.365854	0.365854
979	1316	795	245	0.18617	0.308176
980	1372	1372	1063	0.774781	0.774781
981	1937	1937	660	0.340733	0.340733
982	1137	1137	220	0.193492	0.193492
983	1832	1832	688	0.375546	0.375546
984	1159	1159	200	0.172563	0.172563
985	1231	1231	143	0.116166	0.116166
986	1209	1209	1164	0.962779	0.962779
987	1887	1887	1327	0.703233	0.703233
988	1334	792	440	0.329835	0.555556
989	1649	1649	380	0.230443	0.230443
990	933	933	660	0.707395	0.707395
991	2437	2437	2200	0.902749	0.902749
992	2753	1210	420	0.152561	0.347107
993	1677	1674	1540	0.918306	0.919952
994	1285	1152	220	0.171206	0.190972
995	1331	1331	543	0.407964	0.407964
996	1468	1468	608	0.414169	0.414169
997	1263	1263	508	0.402217	0.402217
998	1967	1967	880	0.447382	0.447382
999	1343	330	540	0.402085	1.63636
1000	1340	1203	220	0.164179	0.182876
1001	1164	1164	715	0.614261	0.614261
1002	2860	2686	746	0.260839	0.277736
1003	2014	469	49	0.0243297	0.104478
1004	810	810	685	0.845679	0.845679
1005	1329	1329	701	0.527464	0.527464
1006	2507	2507	647	0.258077	0.258077
1007	1402	1402	220	0.156919	0.156919
1008	1287	353	0	0	0
1009	1774	1476	1276	0.719278	0.864499
1010	2056	2056	673	0.327335	0.327335
1011	1800	1800	1620	0.9	0.9
1012	1356	843	440	0.324484	0.521945
1013	1452	1452	1560	1.07438	1.07438
1014	1313	1313	440	0.33511	0.33511
1015	2351	1351	660	0.280732	0.488527
1016	846	846	452	0.534279	0.534279
1017	1851	682	1004	0.54241	1.47214
1018	1250	1250	642	0.5136	0.5136
1019	996	943	1283	1.28815	1.36055
1020	1328	349	0	0	0
1021	1174	1139	220	0.187394	0.193152
1022	1289	1289	622	0.482545	0.482545
1023	1358	1358	880	0.648012	0.648012
1024	1333	1333	798	0.59865	0.59865
1025	1209	1209	440	0.363937	0.363937
1026	1287	1287	1313	1.0202	1.0202
1027	665	665	440	0.661654	0.661654
1028	1385	582	220	0.158845	0.378007
1029	1106	1106	832	0.75226	0.75226
1030	1221	1221	1411	1.15561	1.15561
1031	2465	2465	860	0.348884	0.348884
1032	1412	1412	837	0.592776	0.592776
1033	2671	1671	301	0.112692	0.180132
1034	1309	1309	320	0.244461	0.244461
1035	1286	1286	461	0.358476	0.358476
1036	1194	1194	220	0.184255	0.184255
1037	1333	1333	880	0.660165	0.660165
1038	1229	1229	640	0.520749	0.520749
1039	2159	2159	982	0.45484	0.45484
1040	1470	21	0	0	0
1041	1392	1392	423	0.303879	0.303879
1042	1229	1229	501	0.407648	0.407648
1043	1299	299	132	0.101617	0.441472
1044	2164	1164	614	0.283734	0.527491
1045	2573	2573	1540	0.598523	0.598523
1046	1313	0	0	0	0
1047	1507	1507	608	0.403451	0.403451
1048	1729	1729	880	0.508965	0.508965
1049	1415	904	808	0.571025	0.893805
1050	1072	1072	660	0.615672	0.615672
1051	1447	1145	765	0.52868	0.668122
1052	1489	1489	220	0.14775	0.14775
1053	1459	1459	660	0.452365	0.452365
1054	2372	2372	660	0.278246	0.278246
1055	1151	291	31	0.0269331	0.106529
1056	1027	1027	440	0.428432	0.428432
1057	1147	225	0	0	0
1058	1760	1760	512	0.290909	0.290909
1059	956	441	0	0	0
1060	1285	1285	539	0.419455	0.419455
1061	1110	0	0	0	0
1062	1089	1089	427	0.392103	0.392103
1063	1401	1401	823	0.587438	0.587438
1064	1345	1345	1300	0.966543	0.966543
1065	535	0	0	0	0
1066	1452	1452	648	0.446281	0.446281
1067	2024	2024	1058	0.522727	0.522727
1068	949	736	708	0.746048	0.961957
1069	1126	1126	1026	0.91119	0.91119
1070	1517	1517	1421	0.936717	0.936717
1071	1111	1111	660	0.594059	0.594059
1072	1701	973	220	0.129336	0.226105
1073	640	640	56	0.0875	0.0875
1074	954	954	1080	1.13208	1.13208
1075	1047	1047	660	0.630372	0.630372
1076	1077	143	0	0	0
1077	800	800	220	0.275	0.275
1078	1135	636	0	0	0
1079	1021	1021	788	0.771792	0.771792
1080	1773	803	440	0.248167	0.547945
1081	1551	450	390	0.251451	0.866667
1082	894	894	220	0.246085	0.246085
1083	2258	1258	378	0.167405	0.300477
1084	2613	1613	1320	0.505166	0.818351
1085	1703	1703	687	0.403406	0.403406
1086	1314	836	660	0.502283	0.789474
1087	1809	1809	1366	0.755113	0.755113
1088	1660	1660	1046	0.63012	0.63012
1089	1066	1066	88	0.0825516	0.0825516
1090	1546	1546	781	0.505175	0.505175
1091	1172	384	0	0	0
1092	1405	1405	1100	0.782918	0.782918
1093	2103	0	0	0	0
1094	1126	1126	480	0.426288	0.426288
1095	1256	1256	593	0.472134	0.472134
1096	652	652	220	0.337423	0.337423
1097	1240	825	205	0.165323	0.248485
1098	2275	2275	2109	0.927033	0.927033
1099	3233	471	220	0.0680483	0.467091
1100	2768	1768	660	0.238439	0.373303
1101	4012	4012	1485	0.37014	0.37014
1102	2776	2776	796	0.286744	0.286744
1103	1640	1640	1060	0.646341	0.646341
1104	2385	2385	1100	0.461216	0.461216
1105	3160	3160	2360	0.746835	0.746835
1106	2395	2395	1555	0.649269	0.649269
1107	1769	1769	1540	0.870548	0.870548
1108	2339	2339	1074	0.459171	0.459171
1109	1764	1764	921	0.522109	0.522109
1110	3214	3214	1546	0.481021	0.481021
1111	1651	1651	660	0.399758	0.399758
1112	2282	2282	1362	0.596845	0.596845
1113	2638	2638	1705	0.646323	0.646323
1114	2280	1546	880	0.385965	0.569211
1115	2240	2240	1100	0.491071	0.491071
1116	2039	1989	880	0.431584	0.442433
1117	2180	2180	640	0.293578	0.293578
1118	3022	2888	1540	0.509596	0.533241
1119	2379	2379	1397	0.587222	0.587222
1120	2422	1786	440	0.181668	0.246361
1121	3923	2923	1100	0.280398	0.376326
1122	1450	1450	440	0.303448	0.303448
1123	993	993	1046	1.05337	1.05337
1124	2148	1728	440	0.204842	0.25463
1125	2092	2092	1540	0.736138	0.736138
1126	2353	2353	2840	1.20697	1.20697
1127	3058	3058	1352	0.442119	0.442119
1128	2479	2479	660	0.266236	0.266236
1129	2813	2813	1280	0.45503	0.45503
1130	2049	1049	238	0.116154	0.226883
1131	1252	1252	552	0.440895	0.440895
1132	1405	1405	2306	1.64128	1.64128
1133	3424	2895	2200	0.642523	0.759931
1134	2386	1386	706	0.295893	0.50938
1135	1661	1661	1441	0.86755	0.86755
1136	3113	3113	1313	0.42178	0.42178
1137	3107	3107	1441	0.463791	0.463791
1138	3609	2609	769	0.213078	0.294749
1139	1531	1531	640	0.418027	0.418027
1140	2354	2354	932	0.395922	0.395922
1141	2174	2174	1348	0.620055	0.620055
1142	2405	2115	880	0.365904	0.416076
1143	3100	3100	1760	0.567742	0.567742
1144	2755	2755	1980	0.718693	0.718693
1145	2414	1534	660	0.273405	0.430248
1146	2862	2862	962	0.336129	0.336129
1147	3678	3678	3402	0.924959	0.924959
1148	1772	0	0	0	0
1149	1911	121	121	0.0633176	1
1150	1394	394	118	0.0846485	0.299492
1151	977	977	459	0.469806	0.469806
1152	1571	1571	761	0.484405	0.484405
1153	2793	2630	470	0.168278	0.178707
1154	2057	2057	880	0.427807	0.427807
1155	2858	2858	1346	0.470959	0.470959
1156	4020	2967	1100	0.273632	0.370745
1157	2281	2281	1520	0.666374	0.666374
1158	2025	2025	775	0.382716	0.382716
1159	1879	1879	420	0.223523	0.223523
1160	1461	1461	1100	0.752909	0.752909
1161	2107	2107	420	0.199336	0.199336
1162	1926	1511	660	0.342679	0.436797
1163	2653	2653	2304	0.868451	0.868451
1164	2598	2598	1898	0.730562	0.730562
1165	1958	1958	1520	0.776302	0.776302
1166	2158	2158	2558	1.18536	1.18536
1167	2182	2182	1100	0.504125	0.504125
1168	4279	3279	1844	0.430942	0.562367
1169	2860	2860	2494	0.872028	0.872028
1170	1217	1217	460	0.377979	0.377979
1171	2226	2226	1020	0.458221	0.458221
1172	1586	714	14	0.00882724	0.0196078
1173	2959	2959	1760	0.594796	0.594796
1174	2709	2709	593	0.2189	0.2189
1175	3219	3219	1486	0.461634	0.461634
1176	2539	2539	2266	0.892477	0.892477
1177	1760	1760	1300	0.738636	0.738636
1178	2168	1952	1100	0.50738	0.563525
1179	2447	2447	1592	0.650593	0.650593
1180	1387	1387	769	0.554434	0.554434
1181	1585	1585	220	0.138801	0.138801
1182	1182	1182	660	0.558376	0.558376
1183	912	912	1247	1.36732	1.36732
1184	972	972	1510	1.5535	1.5535
1185	1762	1762	1098	0.623156	0.623156
1186	1769	1213	233	0.131713	0.192086
1187	2200	1418	298	0.135455	0.210155
1188	1467	1467	612	0.417178	0.417178
1189	2014	2014	304	0.150943	0.150943
1190	1284	1263	823	0.640966	0.651623
1191	2177	2177	640	0.293983	0.293983
1192	1929	1929	955	0.495075	0.495075
1193	2868	2771	1131	0.394351	0.408156
1194	1584	1584	750	0.473485	0.473485
1195	2801	2801	858	0.306319	0.306319
1196	4611	3611	2400	0.520494	0.664636
1197	2396	2396	1228	0.512521	0.512521
1198	2582	2582	660	0.255616	0.255616
1199	1085	1085	105	0.0967742	0.0967742
1200	1647	1647	1042	0.632665	0.632665
1201	2014	2014	575	0.285501	0.285501
1202	2382	1653	753	0.316121	0.455535
1203	2647	1988	788	0.297696	0.396378
1204	2683	2683	1142	0.425643	0.425643
1205	2205	2205	440	0.199546	0.199546
1206	3632	3632	5652	1.55617	1.55617
1207	1464	1228	948	0.647541	0.771987
1208	4695	4650	1540	0.328009	0.331183
1209	3026	2026	440	0.145406	0.217177
1210	1274	1274	1074	0.843014	0.843014
1211	2475	2475	1654	0.668283	0.668283
1212	1973	1655	440	0.223011	0.265861
1213	1720	19	0	0	0
1214	2652	2652	1730	0.652338	0.652338
1215	1623	1623	1226	0.755391	0.755391
1216	3806	1806	1406	0.369417	0.778516
1217	3253	3253	1320	0.405779	0.405779
1218	2811	2811	836	0.297403	0.297403
1219	3248	2650	1570	0.483374	0.592453
1220	2173	2173	573	0.263691	0.263691
1221	3541	3541	1421	0.401299	0.401299
1222	3056	3056	4298	1.40641	1.40641
1223	1299	1299	1320	1.01617	1.01617
1224	2888	1888	258	0.0893352	0.136653
1225	2220	2220	822	0.37027	0.37027
1226	2384	2384	2034	0.853188	0.853188
1227	1717	1717	1300	0.757135	0.757135
1228	2545	1545	1760	0.691552	1.13916
1229	2758	2457	1534	0.5562	0.624339
1230	2775	2722	1540	0.554955	0.56576
1231	1024	1024	621	0.606445	0.606445
1232	2879	2879	1639	0.569295	0.569295
1233	1590	1590	1120	0.704403	0.704403
1234	2574	2574	10094	3.92152	3.92152
1235	1485	1485	660	0.444444	0.444444
1236	1823	1823	1452	0.796489	0.796489
1237	2699	2699	439	0.162653	0.162653
1238	1767	1092	880	0.498019	0.805861
1239	3067	3067	1441	0.46984	0.46984
1240	3780	2780	1406	0.371958	0.505755
1241	2300	2300	2788	1.21217	1.21217
1242	1622	1622	711	0.438348	0.438348
1243	1638	1638	1098	0.67033	0.67033
1244	2341	2341	1740	0.743272	0.743272
1245	1936	1936	936	0.483471	0.483471
1246	3193	3193	1610	0.504228	0.504228
1247	3407	3407	2160	0.633989	0.633989
1248	2812	2459	440	0.156472	0.178935
1249	2626	2626	1390	0.529322	0.529322
1250	2447	1460	420	0.171639	0.287671
1251	1520	839	440	0.289474	0.524434
1252	2006	1639	420	0.209372	0.256254
1253	4081	4081	12774	3.13012	3.13012
1254	1989	1989	390	0.196078	0.196078
1255	3432	3432	1320	0.384615	0.384615
1256	2328	2236	440	0.189003	0.19678
1257	2858	2858	860	0.30091	0.30091
1258	1947	1947	1087	0.558295	0.558295
1259	1679	1679	1499	0.892793	0.892793
1260	1671	1671	1852	1.10832	1.10832
1261	1888	1888	880	0.466102	0.466102
1262	2973	2973	955	0.321224	0.321224
1263	1767	1767	1320	0.747029	0.747029
1264	3004	1266	1112	0.370173	0.878357
1265	3220	2220	660	0.204969	0.297297
1266	2246	2246	808	0.359751	0.359751
1267	2089	1336	1096	0.524653	0.820359
1268	2806	2806	1600	0.570207	0.570207
1269	2618	2618	2430	0.928189	0.928189
1270	3716	3716	1030	0.27718	0.27718
1271	3409	3409	1067	0.312995	0.312995
1272	2197	2197	2180	0.992262	0.992262
1273	2332	2332	684	0.29331	0.29331
1274	3224	3224	1243	0.385546	0.385546
1275	3468	3468	1466	0.422722	0.422722
1276	3065	2065	796	0.259706	0.385472
1277	3688	3688	1038	0.281453	0.281453
1278	3230	3230	1252	0.387616	0.387616
1279	3956	2013	1080	0.273003	0.536513
1280	1366	1044	440	0.322108	0.421456
1281	3198	3198	1958	0.612258	0.612258
1282	2455	455	0	0	0
1283	3686	2890	1070	0.290288	0.370242
1284	1904	1429	440	0.231092	0.307908
1285	2258	1579	440	0.194863	0.278657
1286	2097	2097	2120	1.01097	1.01097
1287	2746	2746	1540	0.560816	0.560816
1288	2693	2693	1160	0.430746	0.430746
1289	2110	2110	1100	0.521327	0.521327
1290	2492	2492	660	0.264848	0.264848
1291	2308	618	0	0	0
1292	3241	2000	640	0.19747	0.32
1293	1362	1362	781	0.573421	0.573421
1294	2552	2552	1392	0.545455	0.545455
1295	1948	1948	450	0.231006	0.231006
1296	3178	3178	2074	0.652612	0.652612
1297	1923	1923	1202	0.625065	0.625065
1298	1385	1085	745	0.537906	0.686636
1299	2263	2105	1045	0.461776	0.496437
1300	3986	3986	1846	0.463121	0.463121
1301	1974	1974	1546	0.783181	0.783181
1302	3157	3157	2154	0.682293	0.682293
1303	4395	4395	1378	0.313538	0.313538
1304	2102	2102	1414	0.672693	0.672693
1305	3040	1932	880	0.289474	0.455487
1306	1555	1555	2274	1.46238	1.46238
1307	2610	2610	1125	0.431034	0.431034
1308	2192	2192	1080	0.492701	0.492701
1309	3195	2591	1520	0.475743	0.586646
1310	2590	2590	994	0.383784	0.383784
1311	2416	2018	660	0.273179	0.327056
1312	3179	2179	1535	0.482856	0.704452
1313	2318	2158	880	0.379638	0.407785
1314	3655	2655	3040	0.831737	1.14501
1315	2190	1840	220	0.100457	0.119565
1316	3786	2786	1080	0.285261	0.387653
1317	3026	2572	2420	0.799736	0.940902
1318	1540	1540	779	0.505844	0.505844
1319	3616	2820	3060	0.846239	1.08511
1320	1906	1906	1198	0.628541	0.628541
1321	2099	1746	880	0.419247	0.504009
1322	1860	1860	1362	0.732258	0.732258
1323	2019	728	220	0.108965	0.302198
1324	1372	760	880	0.641399	1.15789
1325	2568	2568	1704	0.663551	0.663551
1326	2076	1451	220	0.105973	0.15162
1327	2581	2581	1747	0.676869	0.676869
1328	1891	1891	880	0.465362	0.465362
1329	1816	1816	220	0.121145	0.121145
1330	1744	1744	304	0.174312	0.174312
1331	2698	2698	1443	0.534841	0.534841
1332	2579	2579	660	0.255913	0.255913
1333	4149	3728	2420	0.583273	0.649142
1334	2252	2252	2171	0.964032	0.964032
1335	3262	3262	1124	0.344574	0.344574
1336	4221	2883	1403	0.332386	0.486646
1337	3238	1666	426	0.131563	0.255702
1338	2867	2491	2180	0.760377	0.875151
1339	2578	2578	1558	0.604344	0.604344
1340	3373	2566	1760	0.521791	0.685892
1341	2808	1808	873	0.310897	0.482854
1342	2826	2299	1540	0.54494	0.669856
1343	1707	1707	660	0.386643	0.386643
1344	2979	2979	863	0.289695	0.289695
1345	3560	3560	1320	0.370787	0.370787
1346	2585	2585	1320	0.510638	0.510638
1347	3946	3939	1720	0.435884	0.436659
1348	2331	2331	1100	0.4719	0.4719
1349	4626	4626	5042	1.08993	1.08993
1350	2712	2205	860	0.317109	0.390023
1351	2487	2487	1100	0.4423	0.4423
1352	2918	1918	1100	0.376971	0.573514
1353	4185	3080	1540	0.367981	0.5
1354	4943	4896	1100	0.222537	0.224673
1355	2536	2536	1520	0.599369	0.599369
1356	2841	2000	880	0.30975	0.44
1357	745	745	298	0.4	0.4
1358	3622	3622	1316	0.363335	0.363335
1359	4993	4993	2420	0.484679	0.484679
1360	2194	1915	640	0.291705	0.334204
1361	3309	3214	1960	0.592324	0.609832
1362	2896	2896	660	0.227901	0.227901
1363	2221	2221	1441	0.648807	0.648807
1364	3263	3263	2078	0.636837	0.636837
1365	3254	3254	1394	0.428396	0.428396
1366	3024	2837	2414	0.79828	0.850899
1367	3792	3792	2400	0.632911	0.632911
1368	1698	303	63	0.0371025	0.207921
1369	4044	4044	2630	0.650346	0.650346
1370	1899	1899	1588	0.83623	0.83623
1371	4830	4830	2400	0.496894	0.496894
1372	2970	2970	1330	0.447811	0.447811
1373	4204	4204	2033	0.483587	0.483587
1374	3538	3538	2173	0.614189	0.614189
1375	1650	984	220	0.133333	0.223577
1376	1680	1680	1247	0.742262	0.742262
1377	2977	2977	2519	0.846154	0.846154
1378	3624	1624	640	0.1766	0.394089
1379	1612	1612	602	0.373449	0.373449
1380	1955	1955	490	0.250639	0.250639
1381	2057	2057	1760	0.855615	0.855615
1382	1702	1702	660	0.387779	0.387779
1383	1757	1063	403	0.229368	0.379116
1384	2257	2257	1480	0.655738	0.655738
1385	1951	1951	2251	1.15377	1.15377
1386	3260	3260	1320	0.404908	0.404908
1387	2014	1297	220	0.109235	0.169622
1388	1627	1627	1327	0.815612	0.815612
1389	2564	2564	1084	0.422777	0.422777
1390	1964	1020	860	0.437882	0.843137
1391	1930	1930	1620	0.839378	0.839378
1392	2341	2341	1004	0.428877	0.428877
1393	2172	2172	816	0.375691	0.375691
1394	1533	1533	440	0.287019	0.287019
1395	3273	2273	800	0.244424	0.351958
1396	4531	4531	2063	0.455308	0.455308
1397	3986	3986	2169	0.544155	0.544155
1398	2790	2790	1427	0.51147	0.51147
1399	4757	4757	2420	0.508724	0.508724
1400	2235	2235	1100	0.49217	0.49217
1401	1426	1426	440	0.308555	0.308555
1402	4913	4000	1760	0.358233	0.44
1403	2568	2568	660	0.257009	0.257009
1404	3456	3456	1164	0.336806	0.336806
1405	3018	3018	1815	0.601392	0.601392
1406	3105	2106	626	0.20161	0.297246
1407	4980	4980	2640	0.53012	0.53012
1408	1705	1705	815	0.478006	0.478006
1409	2787	2417	1080	0.387513	0.446835
1410	1212	1212	2262	1.86634	1.86634
1411	2771	2771	1211	0.437026	0.437026
1412	2587	2013	993	0.383842	0.493294
1413	2954	2954	2045	0.692282	0.692282
1414	2869	1869	1028	0.358313	0.550027
1415	1613	1613	1320	0.818351	0.818351
1416	613	0	0	0	0
1417	2022	2022	220	0.108803	0.108803
1418	1353	1056	236	0.174427	0.223485
1419	2174	1551	660	0.303588	0.425532
1420	3227	3227	1097	0.339944	0.339944
1421	4014	3014	1162	0.289487	0.385534
1422	3506	3506	1760	0.501997	0.501997
1423	1535	797	440	0.286645	0.55207
1424	4291	4291	1762	0.410627	0.410627
1425	4917	4591	1540	0.313199	0.335439
1426	3504	3504	1757	0.501427	0.501427
1427	1588	1588	1760	1.10831	1.10831
1428	913	913	651	0.713034	0.713034
1429	1376	1320	240	0.174419	0.181818
1430	1483	1191	640	0.431558	0.537364
1431	1158	1158	1091	0.942142	0.942142
1432	2106	2106	880	0.417854	0.417854
1433	1831	1831	640	0.349536	0.349536
1434	1966	966	835	0.42472	0.864389
1435	1178	258	216	0.183362	0.837209
1436	1489	1489	880	0.591001	0.591001
1437	2266	2266	880	0.38835	0.38835
1438	818	818	358	0.437653	0.437653
1439	1496	1496	1324	0.885027	0.885027
1440	1709	317	0	0	0
1441	1173	1173	660	0.56266	0.56266
1442	1710	234	0	0	0
1443	2258	2258	880	0.389725	0.389725
1444	911	911	660	0.724479	0.724479
1445	1464	1464	660	0.45082	0.45082
1446	1897	1897	3830	2.01898	2.01898
1447	2105	2105	1226	0.582423	0.582423
1448	1760	1760	986	0.560227	0.560227
1449	1360	1360	660	0.485294	0.485294
1450	3680	3680	2758	0.749457	0.749457
1451	2686	2686	3252	1.21072	1.21072
1452	2798	1000	220	0.0786276	0.22
1453	3954	3954	3280	0.82954	0.82954
1454	3383	3383	3287	0.971623	0.971623
1455	3042	3042	1960	0.644313	0.644313
1456	2772	2703	3906	1.40909	1.44506
1457	1371	1371	1940	1.41503	1.41503
1458	2736	2736	3018	1.10307	1.10307
1459	3690	3690	8128	2.20271	2.20271
1460	2484	2484	1904	0.766506	0.766506
1461	4783	3000	1980	0.413966	0.66
1462	2392	1829	1309	0.547241	0.715692
1463	3458	3458	1697	0.490746	0.490746
1464	3726	3726	4046	1.08588	1.08588
1465	3406	3406	2200	0.645919	0.645919
1466	1340	583	3	0.00223881	0.0051458
1467	3167	2877	1540	0.486265	0.53528
1468	1329	1329	617	0.464259	0.464259
1469	1847	1221	220	0.119112	0.18018
1470	3388	3388	1457	0.430047	0.430047
1471	1750	750	232	0.132571	0.309333
1472	1858	127	0	0	0
1473	3157	3157	1397	0.442509	0.442509
1474	2415	1415	220	0.0910973	0.155477
1475	3421	3421	2874	0.840105	0.840105
1476	3946	3856	1980	0.501774	0.513485
1477	2934	2934	5236	1.78459	1.78459
1478	3260	3260	1520	0.466258	0.466258
1479	3265	3265	1998	0.611945	0.611945
1480	4543	4135	2675	0.588818	0.646917
1481	1928	1530	220	0.114108	0.143791
1482	3550	3550	3452	0.972394	0.972394
1483	2011	839	420	0.208851	0.500596
1484	1617	1617	660	0.408163	0.408163
1485	1806	1485	660	0.365449	0.444444
1486	2148	2148	1100	0.512104	0.512104
1487	2553	2553	860	0.336859	0.336859
1488	1204	1204	386	0.320598	0.320598
1489	2336	2336	3455	1.47902	1.47902
1490	3836	3836	1080	0.281543	0.281543
1491	1412	1412	660	0.467422	0.467422
1492	1448	1448	440	0.303867	0.303867
1493	3273	3273	4416	1.34922	1.34922
1494	2276	2276	926	0.406854	0.406854
1495	3626	3626	3206	0.88417	0.88417
1496	1691	1691	404	0.238912	0.238912
1497	3498	3498	2258	0.645512	0.645512
1498	2954	2954	1540	0.521327	0.521327
1499	3571	2571	1320	0.369644	0.513419
1500	4637	2637	1343	0.289627	0.509291
1501	2855	2855	4502	1.57688	1.57688
1502	2605	1951	1100	0.422265	0.563813
1503	3993	2993	1513	0.378913	0.505513
1504	1558	1558	660	0.42362	0.42362
1505	378	378	156	0.412698	0.412698
1506	314	314	0	0	0
1507	532	532	220	0.413534	0.413534
1508	728	656	716	0.983516	1.09146
1509	1151	1151	220	0.191138	0.191138
1510	982	877	220	0.224033	0.250855
1511	776	581	200	0.257732	0.344234
1512	2019	2019	1960	0.970778	0.970778
1513	3330	3330	3060	0.918919	0.918919
1514	2644	2644	2180	0.824508	0.824508
1515	5005	5005	3486	0.696503	0.696503
1516	3451	3451	2320	0.672269	0.672269
1517	4853	4853	9828	2.02514	2.02514
1518	3474	3474	6120	1.76166	1.76166
1519	4989	3989	1760	0.352776	0.441213
1520	3511	2866	1946	0.554258	0.678995
1521	5035	5035	7306	1.45104	1.45104
1522	3844	3844	2898	0.753902	0.753902
1523	4482	4482	3771	0.841365	0.841365
1524	4516	4516	3685	0.815988	0.815988
1525	2577	2577	2209	0.857198	0.857198
1526	4272	4272	1760	0.411985	0.411985
1527	4677	4677	4278	0.914689	0.914689
1528	3803	3803	2363	0.621352	0.621352
1529	3928	3928	1100	0.280041	0.280041
1530	3162	2000	1980	0.626186	0.99
1531	5001	5001	3080	0.615877	0.615877
1532	3388	3388	3270	0.965171	0.965171
1533	4349	3534	1714	0.394114	0.485003
1534	4674	4674	4628	0.990158	0.990158
1535	4488	4488	2300	0.512478	0.512478
1536	3394	3394	2400	0.70713	0.70713
1537	3074	3074	880	0.286272	0.286272
1538	3164	3164	2730	0.862832	0.862832
1539	5015	5015	2701	0.538584	0.538584
1540	4407	4407	2400	0.544588	0.544588
1541	3749	3749	3278	0.874366	0.874366
1542	4188	4188	2061	0.49212	0.49212
1543	3534	3534	3680	1.04131	1.04131
1544	1905	1905	1444	0.758005	0.758005
1545	3234	3234	1760	0.544218	0.544218
1546	3453	3180	880	0.254851	0.27673
1547	3564	3564	1559	0.43743	0.43743
1548	3422	3286	1540	0.450029	0.468655
1549	4047	4047	1889	0.466766	0.466766
1550	2819	2819	1496	0.530685	0.530685
1551	2438	1438	1007	0.413043	0.700278
1552	3081	2001	440	0.142811	0.21989
1553	3867	3867	3500	0.905094	0.905094
1554	4888	4888	3268	0.668576	0.668576
1555	3657	3657	3129	0.855619	0.855619
1556	4229	4229	3181	0.752187	0.752187
1557	4583	4583	3420	0.746236	0.746236
1558	2676	2676	7960	2.97459	2.97459
1559	4801	4801	3080	0.641533	0.641533
1560	4942	3942	1604	0.324565	0.4069
1561	2158	2158	1100	0.509731	0.509731
1562	2197	2197	660	0.30041	0.30041
1563	952	952	1020	1.07143	1.07143
1564	3357	3357	1300	0.387251	0.387251
1565	4612	4612	1844	0.399827	0.399827
1566	7037	7037	3237	0.459997	0.459997
1567	1888	0	0	0	0
1568	4024	3791	1760	0.437376	0.464257
1569	7787	4787	2640	0.339027	0.551494
1570	7116	6116	2640	0.370995	0.431655
1571	3825	3825	880	0.230065	0.230065
1572	5791	5791	1540	0.26593	0.26593
1573	8061	5061	2400	0.29773	0.474215
1574	2298	2298	1267	0.551349	0.551349
1575	1929	1929	440	0.228097	0.228097
1576	2085	230	220	0.105516	0.956522
1577	1798	1798	880	0.489433	0.489433
1578	1513	1488	616	0.407138	0.413978
1579	2084	2084	1080	0.518234	0.518234
1580	1114	1114	954	0.856373	0.856373
1581	934	934	1100	1.17773	1.17773
1582	3024	3024	1152	0.380952	0.380952
1583	2793	2793	660	0.236305	0.236305
1584	3217	3217	1217	0.378303	0.378303
1585	986	986	0	0	0
1586	2812	1812	220	0.0782361	0.121413
1587	2906	2906	3003	1.03338	1.03338
1588	1584	1584	864	0.545455	0.545455
1589	2018	2018	1567	0.776511	0.776511
1590	1347	1347	357	0.265033	0.265033
1591	1167	1167	730	0.625536	0.625536
1592	2566	2566	2180	0.849571	0.849571
1593	3945	3945	1665	0.422053	0.422053
1594	1394	1289	660	0.473458	0.512025
1595	2495	2495	2031	0.814028	0.814028
1596	3344	3344	2524	0.754785	0.754785
1597	3718	2066	880	0.236686	0.425944
1598	3303	2303	1740	0.526794	0.755536
1599	1441	1441	828	0.574601	0.574601
1600	1061	1061	227	0.213949	0.213949
1601	1351	1351	351	0.259808	0.259808
1602	1464	1464	706	0.48224	0.48224
1603	1348	930	550	0.408012	0.591398
1604	2104	2054	1980	0.941065	0.963973
1605	1404	1404	1119	0.797009	0.797009
1606	1852	1852	1495	0.807235	0.807235
1607	2484	2484	1540	0.619968	0.619968
1608	2788	2788	930	0.333572	0.333572
1609	1039	1039	1226	1.17998	1.17998
1610	1886	1886	1100	0.583245	0.583245
1611	1627	1627	1936	1.18992	1.18992
1612	2364	2364	2310	0.977157	0.977157
1613	2099	2099	569	0.271081	0.271081
1614	3446	3446	1334	0.387115	0.387115
1615	3325	3325	1100	0.330827	0.330827
1616	2181	2181	1100	0.504356	0.504356
1617	1694	1694	1574	0.929162	0.929162
1618	1922	1507	880	0.457856	0.583942
1619	3088	2000	420	0.13601	0.21
1620	3207	2207	1149	0.358279	0.520616
1621	2196	1832	2652	1.20765	1.4476
1622	2906	2906	1326	0.456297	0.456297
1623	1730	838	660	0.381503	0.787589
1624	3659	3659	1100	0.300629	0.300629
1625	1797	1797	1100	0.612131	0.612131
1626	3698	3698	2056	0.555976	0.555976
1627	2528	2528	2876	1.13766	1.13766
1628	4331	4331	1320	0.304779	0.304779
1629	2547	2547	1094	0.429525	0.429525
1630	3837	3764	2344	0.610894	0.622742
1631	1969	1628	1496	0.759777	0.918919
1632	4917	4917	1491	0.303234	0.303234
1633	4135	3135	2601	0.629021	0.829665
1634	4609	4609	2420	0.52506	0.52506
1635	3525	3525	958	0.271773	0.271773
1636	3974	3974	2505	0.630347	0.630347
1637	4113	4113	1200	0.291758	0.291758
1638	4952	4870	3080	0.621971	0.632444
1639	4499	1918	1158	0.257391	0.603754
1640	4673	2000	1320	0.282474	0.66
1641	3990	3990	2084	0.522306	0.522306
1642	4913	4913	2473	0.503358	0.503358
1643	4762	3109	880	0.184796	0.283049
1644	3235	2123	906	0.280062	0.426755
1645	3962	3962	1434	0.361938	0.361938
1646	5191	4191	2970	0.572144	0.708661
1647	3124	3124	2336	0.747759	0.747759
1648	3564	3564	2124	0.59596	0.59596
1649	4546	4546	7409	1.62978	1.62978
1650	2225	2225	2200	0.988764	0.988764
1651	3373	3373	1520	0.450637	0.450637
1652	3635	3635	3060	0.841816	0.841816
1653	2031	2031	754	0.371246	0.371246
1654	2332	2332	1275	0.546741	0.546741
1655	591	591	0	0	0
1656	2905	1517	1080	0.371773	0.711931
1657	2327	2327	1984	0.8526	0.8526
1658	3489	2956	1100	0.315277	0.372124
1659	3870	3870	7680	1.9845	1.9845
1660	5497	5497	4120	0.7495	0.7495
1661	2452	2452	1236	0.504078	0.504078
1662	3711	2711	1740	0.468876	0.64183
1663	3646	2998	1578	0.432803	0.526351
1664	4419	4419	4559	1.03168	1.03168
1665	1529	600	200	0.130804	0.333333
1666	3544	3544	3520	0.993228	0.993228
1667	3163	3163	3623	1.14543	1.14543
1668	2463	2463	704	0.28583	0.28583
1669	3509	3509	1472	0.419493	0.419493
1670	3982	3982	2180	0.547464	0.547464
1671	4874	4874	2051	0.420804	0.420804
1672	3796	3796	1836	0.483667	0.483667
1673	4252	3252	1452	0.341486	0.446494
1674	3197	3197	1817	0.568345	0.568345
1675	3701	3701	3904	1.05485	1.05485
1676	4147	4147	2133	0.514348	0.514348
1677	3089	3089	1760	0.569764	0.569764
1678	3207	1213	860	0.268163	0.708986
1679	4955	4081	2420	0.488396	0.592992
1680	4853	4334	2620	0.539872	0.604522
1681	3561	3561	2180	0.612188	0.612188
1682	3911	2911	880	0.225006	0.302302
1683	3645	2645	640	0.175583	0.241966
1684	4917	3917	1205	0.245068	0.307633
1685	3134	3134	1720	0.548819	0.548819
1686	3149	3131	1760	0.558908	0.562121
1687	3035	3035	2441	0.804283	0.804283
1688	2960	2960	1387	0.468581	0.468581
1689	3260	3260	1268	0.388957	0.388957
1690	4768	3768	2579	0.540898	0.684448
1691	2883	2883	880	0.305238	0.305238
1692	2571	2571	880	0.342279	0.342279
1693	2230	2044	1100	0.493274	0.53816
1694	1575	1575	880	0.55873	0.55873
1695	3446	3446	3414	0.990714	0.990714
1696	4332	3332	1174	0.271006	0.352341
1697	5193	5193	3491	0.672251	0.672251
1698	2637	2637	880	0.333713	0.333713
1699	3734	2734	2420	0.648099	0.88515
1700	3680	3680	2813	0.764402	0.764402
1701	3156	3156	1300	0.411914	0.411914
1702	3691	2006	1320	0.357627	0.658026
1703	4772	4772	3080	0.645432	0.645432
1704	5388	5388	7348	1.36377	1.36377
1705	3154	3154	3720	1.17945	1.17945
1706	4290	4126	4472	1.04242	1.08386
1707	4525	4525	3145	0.695028	0.695028
1708	4780	4780	5732	1.19916	1.19916
1709	3785	3785	1974	0.521532	0.521532
1710	2813	2813	2180	0.774973	0.774973
1711	4418	4418	2860	0.647352	0.647352
1712	3380	3380	3478	1.02899	1.02899
1713	3064	3064	2620	0.855091	0.855091
1714	3041	2041	781	0.256823	0.382656
1715	4457	4457	6697	1.50258	1.50258
1716	2648	2648	1347	0.508686	0.508686
1717	3450	3450	2618	0.758841	0.758841
1718	2194	2194	7407	3.37603	3.37603
1719	2016	2016	1986	0.985119	0.985119
1720	3108	3108	1760	0.566281	0.566281
1721	2031	2031	885	0.435746	0.435746
1722	3145	2113	973	0.30938	0.460483
1723	4890	3890	2787	0.569939	0.716452
1724	3176	2112	620	0.195214	0.293561
1725	3847	3847	2384	0.619704	0.619704
1726	2304	2304	1423	0.617622	0.617622
1727	2391	1006	440	0.184023	0.437376
1728	863	863	292	0.338355	0.338355
1729	513	513	440	0.8577	0.8577
1730	550	550	375	0.681818	0.681818
1731	1689	1689	765	0.452931	0.452931
1732	1097	1097	660	0.601641	0.601641
1733	607	607	1445	2.38056	2.38056
1734	1401	1401	461	0.329051	0.329051
1735	499	499	639	1.28056	1.28056
1736	497	497	437	0.879276	0.879276
1737	586	586	0	0	0
1738	593	120	0	0	0
1739	499	499	550	1.1022	1.1022
1740	1816	1684	660	0.363436	0.391924
1741	2655	2655	1595	0.600753	0.600753
1742	1410	1410	507	0.359574	0.359574
1743	2261	2261	440	0.194604	0.194604
1744	939	939	247	0.263046	0.263046
1745	3113	2457	660	0.212014	0.26862
1746	3133	2880	1280	0.408554	0.444444
1747	3320	3320	1760	0.53012	0.53012
1748	3571	3571	1549	0.433772	0.433772
1749	921	921	1641	1.78176	1.78176
1750	1076	1076	608	0.565056	0.565056
1751	1353	1353	1225	0.905395	0.905395
1752	1512	1512	752	0.497354	0.497354
1753	1182	1182	1252	1.05922	1.05922
1754	1310	1310	903	0.689313	0.689313
1755	1631	1631	880	0.539546	0.539546
1756	1495	1495	355	0.237458	0.237458
1757	1626	1626	422	0.259533	0.259533
1758	1485	1485	1530	1.0303	1.0303
1759	1487	1487	1631	1.09684	1.09684
1760	1495	1322	522	0.349164	0.394856
1761	1669	669	0	0	0
1762	1498	1498	1469	0.980641	0.980641
1763	1495	1495	990	0.662207	0.662207
1764	1452	1452	817	0.562672	0.562672
1765	1534	1534	1349	0.8794	0.8794
1766	1424	1424	689	0.483848	0.483848
1767	1080	1080	880	0.814815	0.814815
1768	1491	1491	420	0.28169	0.28169
1769	1512	1512	466	0.308201	0.308201
1770	1511	1460	440	0.291198	0.30137
1771	1495	1495	1318	0.881605	0.881605
1772	1474	1474	1356	0.919946	0.919946
1773	1501	1501	841	0.560293	0.560293
1774	1513	1236	476	0.314607	0.385113
1775	1449	1449	545	0.376121	0.376121
1776	1507	1208	1288	0.854678	1.06623
1777	1835	1835	660	0.359673	0.359673
1778	1512	1512	1100	0.727513	0.727513
1779	1472	1227	880	0.597826	0.717196
1780	1586	1586	786	0.495586	0.495586
1781	1482	1482	1775	1.19771	1.19771
1782	1460	745	185	0.126712	0.248322
1783	1495	1495	844	0.564548	0.564548
1784	1487	1487	828	0.556826	0.556826
1785	1821	1821	869	0.47721	0.47721
1786	3364	3364	1978	0.58799	0.58799
1787	1600	1600	660	0.4125	0.4125
1788	1999	1999	880	0.44022	0.44022
1789	3371	1383	3060	0.907743	2.21258
1790	604	604	384	0.635762	0.635762
1791	575	575	379	0.65913	0.65913
1792	875	875	371	0.424	0.424
1793	3218	2218	660	0.205096	0.297565
1794	1997	1997	220	0.110165	0.110165
1795	739	739	500	0.67659	0.67659
1796	1002	1002	440	0.439122	0.439122
1797	1498	940	220	0.146862	0.234043
1798	1675	75	0	0	0
1799	2693	2693	660	0.24508	0.24508
1800	187	187	272	1.45455	1.45455
1801	2651	1651	710	0.267823	0.430042
1802	3742	0	0	0	0
1803	3974	3519	1239	0.311777	0.352089
1804	2316	2316	2610	1.12694	1.12694
1805	3251	1494	794	0.244233	0.531459
1806	2618	2618	1100	0.420168	0.420168
1807	4233	1233	784	0.185211	0.635848
1808	2960	2960	1100	0.371622	0.371622
1809	1175	0	0	0	0
1810	3803	3803	1100	0.289245	0.289245
1811	3280	2280	386	0.117683	0.169298
1812	1362	1362	440	0.323054	0.323054
1813	3726	3726	2012	0.539989	0.539989
1814	850	36	0	0	0
1815	2556	2146	1320	0.516432	0.615098
1816	1799	1503	440	0.24458	0.292748
1817	2822	0	0	0	0
1818	2834	2834	660	0.232886	0.232886
1819	2865	2865	1312	0.457941	0.457941
1820	3231	0	0	0	0
1821	2089	1589	549	0.262805	0.3455
1822	4031	4031	1540	0.382039	0.382039
1823	4649	1752	440	0.094644	0.251142
1824	1754	1754	8010	4.5667	4.5667
1825	3476	0	0	0	0
1826	3656	2656	810	0.221554	0.30497
1827	2671	1892	880	0.329465	0.465116
1828	1679	931	440	0.262061	0.47261
1829	5000	3000	1080	0.216	0.36
1830	1912	1000	440	0.230126	0.44
1831	2667	1906	546	0.204724	0.286464
1832	3247	2000	220	0.0677549	0.11
1833	2752	0	0	0	0
1834	3190	3190	1468	0.460188	0.460188
1835	3297	0	0	0	0
1836	3592	3128	1320	0.367483	0.421995
1837	2898	1898	683	0.23568	0.359852
1838	2645	1000	220	0.0831758	0.22
1839	2004	0	0	0	0
1840	2438	612	220	0.0902379	0.359477
1841	1006	1006	440	0.437376	0.437376
1842	3546	3452	2860	0.806543	0.828505
1843	1877	936	376	0.20032	0.401709
1844	1573	573	192	0.12206	0.335079
1845	1602	1602	779	0.486267	0.486267
1846	2039	278	0	0	0
1847	2165	0	0	0	0
1848	3248	2707	1720	0.529557	0.63539
1849	1806	1806	872	0.482835	0.482835
1850	2727	913	220	0.0806747	0.240964
1851	1909	1909	586	0.306967	0.306967
1852	2708	1708	1106	0.408419	0.647541
1853	2205	0	0	0	0
1854	2550	2550	660	0.258824	0.258824
1855	2018	1000	220	0.109019	0.22
1856	1597	1597	562	0.35191	0.35191
1857	3711	3711	1520	0.409593	0.409593
1858	1697	1697	1100	0.648203	0.648203
1859	1988	1497	220	0.110664	0.146961
1860	1890	1890	440	0.232804	0.232804
1861	2737	2145	1320	0.48228	0.615385
1862	1595	1595	120	0.0752351	0.0752351
1863	3173	1000	220	0.069335	0.22
1864	3509	3257	5920	1.68709	1.81762
1865	3353	2353	697	0.207874	0.296218
1866	1932	1932	682	0.353002	0.353002
1867	3176	2033	2559	0.80573	1.25873
1868	2042	2042	1320	0.646425	0.646425
1869	1598	23	0	0	0
1870	3718	3377	1980	0.532544	0.586319
1871	1892	1892	440	0.232558	0.232558
1872	2893	2880	1000	0.345662	0.347222
1873	1776	1776	560	0.315315	0.315315
1874	2855	0	0	0	0
1875	1141	1141	1311	1.14899	1.14899
1876	1909	1909	3060	1.60293	1.60293
1877	822	822	602	0.73236	0.73236
1878	2861	2861	1980	0.692066	0.692066
1879	1603	1603	378	0.235808	0.235808
1880	2124	2124	1128	0.531073	0.531073
1881	2678	0	0	0	0
1882	1475	1475	1517	1.02847	1.02847
1883	2073	1428	1300	0.62711	0.910364
1884	1573	0	0	0	0
1885	3642	1822	664	0.182317	0.364435
1886	1633	1302	542	0.331904	0.416283
1887	2588	588	145	0.0560278	0.246599
1888	2996	2996	880	0.293725	0.293725
1889	1208	1208	290	0.240066	0.240066
1890	3029	3029	1338	0.44173	0.44173
1891	2066	2066	1500	0.726041	0.726041
1892	1492	851	131	0.0878016	0.153937
1893	1468	0	0	0	0
1894	2104	2104	1100	0.522814	0.522814
1895	3141	3141	660	0.210124	0.210124
1896	3865	3865	1692	0.437775	0.437775
1897	2387	2387	440	0.184332	0.184332
1898	3664	2664	660	0.180131	0.247748
1899	1156	943	220	0.190311	0.233298
1900	2343	1792	1320	0.56338	0.736607
1901	1972	1972	1123	0.569473	0.569473
1902	2808	2057	440	0.156695	0.213904
1903	2242	0	0	0	0
1904	1001	1001	3221	3.21778	3.21778
1905	1001	1001	612	0.611389	0.611389
1906	1796	796	0	0	0
1907	2028	2028	1100	0.542406	0.542406
1908	825	825	265	0.321212	0.321212
1909	1453	0	0	0	0
1910	585	0	0	0	0
1911	925	925	440	0.475676	0.475676
1912	974	0	0	0	0
1913	1432	1432	738	0.515363	0.515363
1914	1246	1246	502	0.402889	0.402889
1915	1820	1034	694	0.381319	0.67118
1916	760	0	0	0	0
1917	1306	1306	106	0.0811639	0.0811639
1918	765	765	908	1.18693	1.18693
1919	1333	768	220	0.165041	0.286458
1920	1247	1247	220	0.176423	0.176423
1921	494	0	0	0	0
1922	908	873	53	0.05837	0.0607102
1923	624	403	0	0	0
1924	698	0	0	0	0
1925	558	542	0	0	0
1926	1471	1419	880	0.598232	0.620155
1927	1159	711	220	0.189819	0.309423
1928	856	856	440	0.514019	0.514019
1929	1240	1228	1156	0.932258	0.941368
1930	2781	781	48	0.01726	0.0614597
1931	1188	1188	628	0.52862	0.52862
1932	1003	1003	458	0.45663	0.45663
1933	1028	0	0	0	0
1934	2003	0	0	0	0
1935	699	699	220	0.314735	0.314735
1936	1176	1176	933	0.793367	0.793367
1937	818	380	220	0.268949	0.578947
1938	1935	1935	771	0.39845	0.39845
1939	728	547	220	0.302198	0.402194
1940	540	540	56	0.103704	0.103704
1941	950	950	580	0.610526	0.610526
1942	904	493	1653	1.82854	3.35294
1943	1245	1245	220	0.176707	0.176707
1944	1036	0	0	0	0
1945	812	812	220	0.270936	0.270936
1946	902	902	0	0	0
1947	2056	1374	440	0.214008	0.320233
1948	1200	1200	367	0.305833	0.305833
1949	579	579	0	0	0
1950	848	405	220	0.259434	0.54321
1951	632	632	838	1.32595	1.32595
1952	631	138	0	0	0
1953	1055	1055	660	0.625592	0.625592
1954	2433	2433	1100	0.452117	0.452117
1955	1304	0	0	0	0
1956	1889	1889	440	0.232927	0.232927
1957	2206	2206	927	0.420218	0.420218
1958	1245	850	220	0.176707	0.258824
1959	1363	1363	535	0.392517	0.392517
1960	1795	1795	1320	0.735376	0.735376
1961	759	759	66	0.0869565	0.0869565
1962	822	682	880	1.07056	1.29032
1963	635	635	2	0.00314961	0.00314961
1964	1444	444	0	0	0
1965	1167	894	440	0.377035	0.49217
1966	898	898	440	0.489978	0.489978
1967	588	588	288	0.489796	0.489796
1968	1848	0	0	0	0
1969	830	830	106	0.127711	0.127711
1970	1665	1665	725	0.435435	0.435435
1971	1297	1297	880	0.678489	0.678489
1972	578	578	1158	2.00346	2.00346
1973	1028	1028	580	0.564202	0.564202
1974	445	0	0	0	0
1975	548	0	0	0	0
1976	937	0	0	0	0
1977	575	575	220	0.382609	0.382609
1978	1205	425	0	0	0
1979	830	830	337	0.406024	0.406024
1980	537	537	231	0.430168	0.430168
1981	1452	0	0	0	0
1982	1098	1098	220	0.200364	0.200364
1983	1488	1212	652	0.438172	0.537954
1984	2184	2184	880	0.40293	0.40293
1985	3469	2000	440	0.126838	0.22
1986	2137	2051	3275	1.53252	1.59678
1987	2276	1276	1024	0.449912	0.802508
1988	2565	2565	440	0.17154	0.17154
1989	1832	0	0	0	0
1990	1374	374	220	0.160116	0.588235
1991	2703	1703	440	0.162782	0.258368
1992	920	920	568	0.617391	0.617391
1993	992	992	212	0.21371	0.21371
1994	2668	2668	880	0.329835	0.329835
1995	1956	1956	880	0.449898	0.449898
1996	1650	1650	440	0.266667	0.266667
1997	1842	1842	440	0.238871	0.238871
1998	1004	952	220	0.219124	0.231092
1999	1362	1362	220	0.161527	0.161527
2000	2257	1008	220	0.0974745	0.218254
2001	5575	3101	1080	0.193722	0.348275
2002	6816	4816	1454	0.213322	0.30191
2003	6870	4870	2600	0.378457	0.533881
2004	5113	4113	1157	0.226286	0.281303
2005	6552	5552	6036	0.921245	1.08718
2006	4427	4427	2089	0.471877	0.471877
2007	6957	6957	1845	0.265201	0.265201
2008	7762	5762	3280	0.422572	0.569247
2009	7372	6372	2620	0.355399	0.411174
2010	6818	6227	2867	0.420505	0.460414
2011	3409	2409	792	0.232326	0.328767
2012	1140	1140	806	0.707018	0.707018
2013	1703	494	722	0.423958	1.46154
2014	1287	0	0	0	0
2015	962	962	220	0.22869	0.22869
2016	1678	1678	575	0.34267	0.34267
2017	1107	1107	440	0.397471	0.397471
2018	1115	1115	395	0.35426	0.35426
2019	963	963	0	0	0
2020	1455	1173	440	0.302405	0.375107
2021	1289	628	0	0	0
2022	1027	1027	480	0.467381	0.467381
2023	1859	1537	220	0.118343	0.143136
2024	1642	1642	322	0.196102	0.196102
2025	1529	1529	329	0.215173	0.215173
2026	1121	1121	863	0.769848	0.769848
2027	2470	1588	928	0.375709	0.584383
2028	1689	1453	420	0.248668	0.289057
2029	1282	1282	220	0.171607	0.171607
2030	1259	1259	409	0.324861	0.324861
2031	843	34	0	0	0
2032	1501	501	101	0.0672885	0.201597
2033	960	766	0	0	0
2034	1046	1046	292	0.279159	0.279159
2035	702	702	440	0.626781	0.626781
2036	853	853	315	0.369285	0.369285
2037	1379	613	0	0	0
2038	491	491	220	0.448065	0.448065
2039	2736	2736	1100	0.402047	0.402047
2040	589	0	0	0	0
2041	987	987	220	0.222898	0.222898
2042	1452	1452	100	0.0688705	0.0688705
2043	4129	1000	220	0.0532817	0.22
2044	1015	616	136	0.13399	0.220779
2045	781	781	566	0.724712	0.724712
2046	1731	1731	440	0.254188	0.254188
2047	1177	808	0	0	0
2048	1119	1119	9	0.0080429	0.0080429
2049	993	993	1029	1.03625	1.03625
2050	3551	1551	220	0.0619544	0.141844
2051	1387	1387	455	0.328046	0.328046
2052	852	833	220	0.258216	0.264106
2053	1573	1435	660	0.41958	0.45993
2054	1491	1491	513	0.344064	0.344064
2055	817	817	0	0	0
2056	849	849	309	0.363958	0.363958
2057	1776	1776	616	0.346847	0.346847
2058	1352	1352	420	0.310651	0.310651
2059	1104	1104	220	0.199275	0.199275
2060	1996	1996	1119	0.560621	0.560621
2061	1629	1629	440	0.270104	0.270104
2062	1025	707	220	0.214634	0.311174
2063	1140	1140	10560	9.26316	9.26316
2064	1150	0	0	0	0
2065	2356	0	0	0	0
2066	1395	0	0	0	0
2067	1187	1187	1300	1.0952	1.0952
2068	1687	141	0	0	0
2069	1372	534	220	0.16035	0.411985
2070	1206	751	220	0.182421	0.292943
2071	851	851	880	1.03408	1.03408
2072	1187	0	0	0	0
2073	1116	1116	21	0.0188172	0.0188172
2074	1576	437	137	0.0869289	0.313501
2075	4307	3307	1487	0.345252	0.449652
2076	4748	2748	1320	0.278012	0.480349
2077	1577	1330	220	0.139505	0.165414
2078	1127	1127	660	0.585626	0.585626
2079	1143	1143	403	0.352581	0.352581
2080	597	0	0	0	0
2081	1355	1167	220	0.162362	0.188518
2082	699	699	311	0.444921	0.444921
2083	1184	1184	664	0.560811	0.560811
2084	1145	1145	785	0.68559	0.68559
2085	840	840	8311	9.89405	9.89405
2086	1304	1304	220	0.168712	0.168712
2087	1393	1393	640	0.45944	0.45944
2088	1079	1079	100	0.0926784	0.0926784
2089	1776	1776	956	0.538288	0.538288
2090	1792	0	0	0	0
2091	2332	2332	1044	0.447684	0.447684
2092	2363	2363	660	0.279306	0.279306
2093	2374	1741	221	0.0930918	0.126939
2094	1001	0	0	0	0
2095	1306	1306	106	0.0811639	0.0811639
2096	1052	0	0	0	0
2097	961	961	341	0.354839	0.354839
2098	1045	0	0	0	0
2099	1578	1578	220	0.139417	0.139417
2100	1578	1578	220	0.139417	0.139417
2101	1440	1243	440	0.305556	0.353982
2102	900	0	0	0	0
2103	859	859	660	0.768335	0.768335
2104	2883	2883	1300	0.450919	0.450919
2105	1639	1639	440	0.268456	0.268456
2106	2528	0	0	0	0
2107	2091	2091	1231	0.588714	0.588714
2108	2192	0	0	0	0
2109	976	976	220	0.22541	0.22541
2110	1939	1939	1663	0.857659	0.857659
2111	1453	1453	440	0.302822	0.302822
2112	1004	1004	140	0.139442	0.139442
2113	1272	1086	220	0.172956	0.202578
2114	1412	610	240	0.169972	0.393443
2115	1067	1056	496	0.464855	0.469697
2116	2040	2040	2301	1.12794	1.12794
2117	1859	1859	880	0.473373	0.473373
2118	1525	1525	449	0.294426	0.294426
2119	1908	1908	1768	0.926625	0.926625
2120	1306	1306	1436	1.09954	1.09954
2121	1520	1520	660	0.434211	0.434211
2122	914	0	0	0	0
2123	1547	1547	1345	0.869425	0.869425
2124	1787	849	49	0.0274203	0.057715
2125	1646	1646	880	0.534629	0.534629
2126	2751	1751	440	0.159942	0.251285
2127	1213	1213	526	0.433636	0.433636
2128	674	183	43	0.0637982	0.234973
2129	769	287	220	0.286086	0.766551
2130	561	561	280	0.499109	0.499109
2131	991	0	0	0	0
2132	1477	1477	557	0.377116	0.377116
2133	1560	1560	880	0.564103	0.564103
2134	902	316	220	0.243902	0.696203
2135	917	753	333	0.363141	0.442231
2136	998	998	78	0.0781563	0.0781563
2137	1669	669	330	0.197723	0.493274
2138	1426	791	220	0.154278	0.278129
2139	933	665	170	0.182208	0.255639
2140	1862	278	0	0	0
2141	1802	821	162	0.0899001	0.19732
2142	788	788	0	0	0
2143	1328	275	75	0.0564759	0.272727
2144	1463	1463	447	0.305537	0.305537
2145	1611	1611	232	0.14401	0.14401
2146	1094	1094	220	0.201097	0.201097
2147	1291	1291	1540	1.19287	1.19287
2148	1416	0	0	0	0
2149	664	664	220	0.331325	0.331325
2150	2607	1713	220	0.0843882	0.12843
2151	951	0	0	0	0
2152	1832	0	0	0	0
2153	1675	1675	617	0.368358	0.368358
2154	2493	1596	656	0.263137	0.411028
2155	2504	2504	1539	0.614617	0.614617
2156	2510	2403	2309	0.91992	0.960882
2157	2504	2504	1100	0.439297	0.439297
2158	2537	2537	1442	0.568388	0.568388
2159	2507	1507	1200	0.47866	0.796284
2160	2505	2505	850	0.339321	0.339321
2161	2515	1276	440	0.17495	0.344828
2162	2515	2515	706	0.280716	0.280716
2163	2511	2511	1300	0.517722	0.517722
2164	2507	1507	1320	0.526526	0.875912
2165	2515	2515	1354	0.53837	0.53837
2166	2514	1514	730	0.290374	0.482166
2167	2513	1513	440	0.17509	0.290813
2168	2508	2508	220	0.0877193	0.0877193
2169	2509	1366	440	0.175369	0.322108
2170	2576	2576	440	0.170807	0.170807
2171	2503	0	0	0	0
2172	2506	2506	880	0.351157	0.351157
2173	2503	2503	860	0.343588	0.343588
2174	2506	0	0	0	0
2175	2506	2506	1233	0.492019	0.492019
2176	2504	2504	1061	0.423722	0.423722
2177	2507	2507	1323	0.527722	0.527722
2178	2506	1506	252	0.100559	0.167331
2179	2511	1616	880	0.350458	0.544554
2180	2512	2512	1671	0.665207	0.665207
2181	2587	1587	440	0.170081	0.277253
2182	2512	1495	880	0.350318	0.588629
2183	3595	2595	2935	0.816412	1.13102
2184	3529	2838	1760	0.498725	0.620155
2185	3510	3510	2356	0.671225	0.671225
2186	3509	1509	1050	0.299231	0.695825
2187	3513	2513	420	0.119556	0.167131
2188	3509	3509	1286	0.366486	0.366486
2189	3507	2385	905	0.258055	0.379455
2190	3516	3516	1377	0.391638	0.391638
2191	3512	1677	494	0.140661	0.294574
2192	3504	3504	1536	0.438356	0.438356
2193	3510	2510	618	0.176068	0.246215
2194	3503	0	0	0	0
2195	3504	2504	912	0.260274	0.364217
2196	3506	3506	1446	0.412436	0.412436
2197	3518	2518	860	0.244457	0.341541
2198	3501	3501	1275	0.364182	0.364182
2199	3703	3703	2301	0.621388	0.621388
2200	3401	3401	880	0.258747	0.258747
2201	2508	1508	440	0.175439	0.291777
2202	955	955	220	0.230366	0.230366
2203	1039	132	0	0	0
2204	909	909	341	0.375138	0.375138
2205	973	973	440	0.45221	0.45221
2206	1007	0	0	0	0
2207	1528	1528	365	0.238874	0.238874
2208	1022	1022	0	0	0
2209	1342	1342	880	0.655738	0.655738
2210	909	909	440	0.484048	0.484048
2211	1180	0	0	0	0
2212	1481	0	0	0	0
2213	1113	1113	220	0.197664	0.197664
2214	330	330	159	0.481818	0.481818
2215	2502	0	0	0	0
2216	2268	2268	660	0.291005	0.291005
2217	3342	1342	440	0.131658	0.327869
2218	2525	0	0	0	0
2219	2499	2496	660	0.264106	0.264423
2220	2499	754	220	0.0880352	0.291777
2221	3045	3045	2305	0.756979	0.756979
2222	4399	3399	1540	0.35008	0.453074
2223	3501	3501	840	0.239931	0.239931
2224	3510	2902	802	0.22849	0.276361
2225	3506	3506	880	0.250998	0.250998
2226	3125	0	0	0	0
2227	3095	3095	1740	0.562197	0.562197
2228	3537	3461	1141	0.32259	0.329674
2229	3931	3931	2400	0.610532	0.610532
2230	3956	2023	1720	0.434783	0.850222
2231	4202	0	0	0	0
2232	3820	2820	599	0.156806	0.212411
2233	3746	1746	578	0.154298	0.331042
2234	4202	0	0	0	0
2235	3807	807	0	0	0
2236	4533	3368	1320	0.291198	0.391924
2237	4342	3342	1428	0.328881	0.427289
2238	2672	1797	837	0.313249	0.465776
2239	3273	1999	717	0.219065	0.358679
2240	3785	2785	1667	0.440423	0.598564
2241	3629	2629	880	0.242491	0.334728
2242	3356	1648	440	0.131108	0.26699
2243	2371	1371	420	0.17714	0.306346
2244	3032	2495	1055	0.347955	0.422846
2245	2049	1049	220	0.107369	0.209724
2246	2071	1383	200	0.0965717	0.144613
2247	2700	1700	819	0.303333	0.481765
2248	1282	323	23	0.0179407	0.0712074
2249	1240	279	0	0	0
2250	1889	0	0	0	0
2251	1233	0	0	0	0
2252	1915	1915	1060	0.553525	0.553525
2253	1959	1959	636	0.324655	0.324655
2254	1332	1332	572	0.429429	0.429429
2255	1678	1678	1647	0.981526	0.981526
2256	1572	1572	1450	0.922392	0.922392
2257	1924	0	0	0	0
2258	1639	1639	386	0.235509	0.235509
2259	1575	1575	1279	0.812063	0.812063
2260	2543	2543	1298	0.510421	0.510421
2261	2251	2183	440	0.195469	0.201557
2262	1421	0	0	0	0
2263	856	856	254	0.296729	0.296729
2264	1556	1556	1016	0.652956	0.652956
2265	1105	1105	1446	1.3086	1.3086
2266	3549	0	0	0	0
2267	1547	1547	440	0.284421	0.284421
2268	3086	3086	1540	0.499028	0.499028
2269	2844	2844	880	0.309423	0.309423
2270	1718	1718	1538	0.895227	0.895227
2271	2817	2817	1300	0.461484	0.461484
2272	3285	3285	1905	0.579909	0.579909
2273	2654	2654	1760	0.66315	0.66315
2274	1880	1140	660	0.351064	0.578947
2275	1339	1339	394	0.294249	0.294249
2276	1609	609	0	0	0
2277	2553	2256	4068	1.59342	1.80319
2278	3016	384	220	0.0729443	0.572917
2279	3278	3278	2198	0.670531	0.670531
2280	2037	2037	1011	0.496318	0.496318
2281	2966	2487	1320	0.445044	0.53076
2282	2408	2408	627	0.260382	0.260382
2283	2343	2343	563	0.24029	0.24029
2284	1858	1168	408	0.219591	0.349315
2285	3412	3412	660	0.193435	0.193435
2286	1836	1836	1578	0.859477	0.859477
2287	2710	0	0	0	0
2288	1937	0	0	0	0
2289	1004	1004	684	0.681275	0.681275
2290	1409	1409	440	0.312278	0.312278
2291	4101	3953	2953	0.720068	0.747028
2292	3588	2588	420	0.117057	0.162287
2293	3346	1594	400	0.119546	0.250941
2294	3373	2620	1100	0.326119	0.419847
2295	3462	2852	1100	0.317735	0.385694
2296	4395	4395	1290	0.293515	0.293515
2297	3612	3612	1540	0.426357	0.426357
2298	3426	2971	440	0.12843	0.148098
2299	3622	3369	1540	0.425179	0.457109
2300	3638	3638	2510	0.68994	0.68994
2301	3471	3471	2632	0.758283	0.758283
2302	3820	3820	919	0.240576	0.240576
2303	3506	2506	1320	0.376497	0.526736
2304	3119	0	0	0	0
2305	4152	4152	3740	0.900771	0.900771
2306	3064	2064	702	0.229112	0.340116
2307	3027	2000	440	0.145358	0.22
2308	3002	2002	916	0.30513	0.457542
2309	1240	1240	266	0.214516	0.214516
2310	2005	1005	296	0.147631	0.294527
2311	3305	3305	1268	0.383661	0.383661
2312	2915	1827	440	0.150943	0.240832
2313	2325	1000	220	0.0946237	0.22
2314	1134	921	401	0.353616	0.435396
2315	2511	2066	1100	0.438072	0.53243
2316	1515	0	0	0	0
2317	2311	2311	1198	0.51839	0.51839
2318	1561	0	0	0	0
2319	1565	1565	440	0.28115	0.28115
2320	1772	1772	880	0.496614	0.496614
2321	1828	1378	458	0.250547	0.332366
2322	1892	1735	660	0.348837	0.380403
2323	2335	2335	1080	0.462527	0.462527
2324	2541	2541	673	0.264856	0.264856
2325	2198	2198	1100	0.500455	0.500455
2326	2432	2432	726	0.29852	0.29852
2327	2111	0	0	0	0
2328	4976	4000	1760	0.353698	0.44
2329	2999	2999	660	0.220073	0.220073
2330	4295	4001	1760	0.409779	0.43989
2331	5117	4411	1980	0.386945	0.448878
2332	5099	5099	2402	0.471073	0.471073
2333	4003	2097	457	0.114164	0.21793
2334	5091	5091	2640	0.518562	0.518562
2335	4706	3782	20112	4.27369	5.31782
2336	4189	2366	880	0.210074	0.371936
2337	3546	2689	640	0.180485	0.238007
2338	4542	4542	1960	0.431528	0.431528
2339	4775	3775	2860	0.598953	0.757616
2340	4548	4548	3699	0.813325	0.813325
2341	5027	5027	1810	0.360056	0.360056
2342	4244	4244	1300	0.306315	0.306315
2343	3264	1302	1142	0.349877	0.877112
2344	3003	3003	1540	0.512821	0.512821
2345	3969	3969	1720	0.433359	0.433359
2346	4594	4000	1980	0.430997	0.495
2347	3590	447	47	0.0130919	0.105145
2348	4988	3955	1155	0.231556	0.292035
2349	2838	1878	1320	0.465116	0.702875
2350	3138	2138	220	0.0701083	0.1029
2351	4010	4010	2180	0.543641	0.543641
2352	2532	2532	1727	0.68207	0.68207
2353	4353	4353	1898	0.436021	0.436021
2354	3072	3072	1164	0.378906	0.378906
2355	3822	2595	1060	0.277342	0.408478
2356	3322	3322	743	0.22366	0.22366
2357	3823	2704	880	0.230186	0.325444
2358	4862	4862	4180	0.859729	0.859729
2359	4181	2610	880	0.210476	0.337165
2360	3028	3028	880	0.290621	0.290621
2361	3089	3089	660	0.213661	0.213661
2362	3048	278	0	0	0
2363	3130	3130	1534	0.490096	0.490096
2364	2918	0	0	0	0
2365	2985	1985	1310	0.438861	0.65995
2366	2370	1370	1086	0.458228	0.792701
2367	2809	0	0	0	0
2368	4971	0	0	0	0
2369	3825	3097	1980	0.517647	0.639328
2370	3889	1939	1100	0.282849	0.567303
2371	3805	3805	1540	0.404731	0.404731
2372	2730	1730	440	0.161172	0.254335
2373	2011	2011	658	0.3272	0.3272
2374	2754	2754	420	0.152505	0.152505
2375	2239	2239	880	0.393033	0.393033
2376	2434	959	0	0	0
2377	3785	3785	1540	0.406869	0.406869
2378	4420	4314	1320	0.298643	0.305981
2379	4059	4059	1760	0.433604	0.433604
2380	4229	4170	1320	0.312131	0.316547
2381	3661	1661	1132	0.309205	0.681517
2382	2845	2556	2568	0.902636	1.00469
2383	2702	1702	640	0.236862	0.376028
2384	3262	3262	2420	0.741876	0.741876
2385	2814	2814	660	0.234542	0.234542
2386	3074	0	0	0	0
2387	2715	1715	855	0.314917	0.498542
2388	4264	0	0	0	0
2389	3362	1918	278	0.0826889	0.144943
2390	2608	2259	758	0.290644	0.335547
2391	3401	2401	1587	0.466627	0.660975
2392	2892	2892	1292	0.44675	0.44675
2393	3526	3526	1100	0.311968	0.311968
2394	2579	2579	1457	0.564948	0.564948
2395	3699	3343	1100	0.297378	0.329046
2396	2790	2790	1520	0.544803	0.544803
2397	2885	2885	727	0.251993	0.251993
2398	2773	381	0	0	0
2399	2801	0	0	0	0
2400	2942	2879	660	0.224337	0.229246
2401	3190	3190	1146	0.359248	0.359248
2402	4638	3638	2400	0.517464	0.659703
2403	4799	3799	1299	0.270681	0.341932
2404	4113	3378	14138	3.43739	4.18532
2405	4255	3000	1080	0.253819	0.36
2406	2736	2736	911	0.332968	0.332968
2407	3480	3480	1184	0.34023	0.34023
2408	2767	2349	200	0.0722804	0.0851426
2409	2686	1342	782	0.291139	0.582712
2410	4039	4039	2180	0.539738	0.539738
2411	3074	3074	2074	0.674691	0.674691
2412	2458	2458	2138	0.869813	0.869813
2413	2857	1839	660	0.231012	0.358891
2414	2648	2648	2206	0.833082	0.833082
2415	2845	340	0	0	0
2416	2578	2578	1100	0.426687	0.426687
2417	2510	2510	1048	0.41753	0.41753
2418	2718	1000	220	0.0809419	0.22
2419	2889	0	0	0	0
2420	2721	1721	372	0.136714	0.216153
2421	2826	2568	1080	0.382166	0.420561
2422	2527	2527	406	0.160665	0.160665
2423	2512	0	0	0	0
2424	2697	1697	502	0.186133	0.295816
2425	3412	2471	1100	0.322392	0.445164
2426	2740	938	840	0.306569	0.895522
2427	2532	2347	660	0.260664	0.28121
2428	2624	2624	1314	0.500762	0.500762
2429	4866	3866	1232	0.253185	0.318676
2430	4182	1120	300	0.071736	0.267857
2431	5618	0	0	0	0
2432	3581	3581	442	0.123429	0.123429
2433	3436	2436	1067	0.310536	0.438013
2434	1776	938	158	0.088964	0.168443
2435	5062	4090	1330	0.262742	0.325183
2436	2361	2361	792	0.335451	0.335451
2437	4391	4391	1760	0.40082	0.40082
2438	4017	4017	1980	0.492905	0.492905
2439	2691	1691	764	0.283909	0.451804
2440	3245	1635	660	0.20339	0.40367
2441	3790	2286	1346	0.355145	0.588801
2442	2697	2405	660	0.244716	0.274428
2443	2959	2641	660	0.223048	0.249905
2444	2491	2491	1165	0.467684	0.467684
2445	3513	0	0	0	0
2446	3036	3036	1678	0.552701	0.552701
2447	4426	4426	2981	0.67352	0.67352
2448	2853	2603	880	0.308447	0.338071
2449	3036	3036	1489	0.490448	0.490448
2450	5145	4145	2117	0.411467	0.510736
2451	3746	3000	440	0.117459	0.146667
2452	5250	0	0	0	0
2453	3214	2214	697	0.216864	0.314815
2454	2372	372	53	0.022344	0.142473
2455	2773	2773	733	0.264335	0.264335
2456	4215	3565	945	0.224199	0.265077
2457	3644	3644	2375	0.651756	0.651756
2458	4348	3348	1320	0.303588	0.394265
2459	3526	3526	2887	0.818775	0.818775
2460	3028	3028	1540	0.508587	0.508587
2461	4472	3472	1100	0.245975	0.31682
2462	2553	2553	1980	0.775558	0.775558
2463	1938	1938	1168	0.602683	0.602683
2464	2519	2130	440	0.174672	0.206573
2465	3173	0	0	0	0
2466	2817	2817	880	0.312389	0.312389
2467	2643	0	0	0	0
2468	2873	2023	443	0.154194	0.218982
2469	3611	2611	1512	0.418721	0.579088
2470	2267	1979	440	0.194089	0.222335
2471	3510	2133	420	0.119658	0.196906
2472	2146	0	0	0	0
2473	3747	3747	1540	0.410995	0.410995
2474	5385	0	0	0	0
2475	4479	2479	660	0.147354	0.266236
2476	2897	1897	440	0.151881	0.231945
2477	3522	2491	1100	0.312323	0.44159
2478	2819	1819	860	0.305073	0.472787
2479	3603	2603	1583	0.439356	0.608144
2480	3749	3000	1080	0.288077	0.36
2481	4378	3378	2018	0.460941	0.597395
2482	5559	5559	1540	0.277028	0.277028
2483	3322	1019	220	0.0662252	0.215898
2484	4043	2614	1080	0.267128	0.41316
2485	5768	0	0	0	0
2486	4498	3276	1100	0.244553	0.335775
2487	3895	895	731	0.187677	0.81676
2488	3379	3379	1919	0.56792	0.56792
2489	4033	3033	1760	0.4364	0.580284
2490	2479	0	0	0	0
2491	2598	1000	440	0.169361	0.44
2492	1170	1170	420	0.358974	0.358974
2493	2312	1043	440	0.190311	0.42186
2494	1734	734	220	0.126874	0.299728
2495	3224	2622	660	0.204715	0.251716
2496	2202	1311	220	0.0999092	0.167811
2497	2574	2574	1500	0.582751	0.582751
2498	2450	2445	880	0.359184	0.359918
2499	3236	0	0	0	0
2500	3198	3198	755	0.236085	0.236085
2501	2564	1564	1317	0.513651	0.842072
2502	1823	0	0	0	0
2503	2487	1219	1299	0.522316	1.06563
2504	2266	2266	5030	2.21977	2.21977
2505	3060	2218	1080	0.352941	0.486925
2506	2926	1926	918	0.313739	0.476636
2507	2909	1000	220	0.0756274	0.22
2508	1485	485	0	0	0
2509	1790	790	0	0	0
2510	2757	2757	7642	2.77185	2.77185
2511	2862	961	81	0.0283019	0.0842872
2512	1604	1604	440	0.274314	0.274314
2513	2137	1594	682	0.319139	0.427854
2514	3012	2288	1336	0.443559	0.583916
2515	2993	2993	1982	0.662212	0.662212
2516	3008	2000	440	0.146277	0.22
2517	3085	3085	1960	0.635332	0.635332
2518	2208	2208	694	0.314312	0.314312
2519	1927	1927	880	0.456668	0.456668
2520	2232	0	0	0	0
2521	2018	1018	440	0.218038	0.43222
2522	2742	2742	1216	0.443472	0.443472
2523	2014	0	0	0	0
2524	2000	2000	880	0.44	0.44
2525	2000	2000	1274	0.637	0.637
2526	2004	1004	220	0.10978	0.219124
2527	2020	2020	860	0.425743	0.425743
2528	2836	2836	2200	0.77574	0.77574
2529	2067	2067	440	0.212869	0.212869
2530	2001	1622	262	0.130935	0.161529
2531	1993	993	340	0.170597	0.342397
2532	2000	2000	440	0.22	0.22
2533	1987	1000	220	0.11072	0.22
2534	1909	1909	790	0.413829	0.413829
2535	2527	1011	220	0.0870598	0.217606
2536	3001	1001	364	0.121293	0.363636
2537	2873	2873	661	0.230073	0.230073
2538	3033	2033	440	0.145071	0.216429
2539	1420	1267	220	0.15493	0.173639
2540	1903	1903	823	0.432475	0.432475
2541	2219	2219	1320	0.594863	0.594863
2542	2517	1360	220	0.0874056	0.161765
2543	2418	0	0	0	0
2544	2059	1059	220	0.106848	0.207743
2545	1597	786	220	0.137758	0.279898
2546	1493	1308	440	0.294709	0.336391
2547	2705	2705	1320	0.487985	0.487985
2548	1436	1436	200	0.139276	0.139276
2549	2026	2026	311	0.153504	0.153504
2550	1916	1916	3638	1.89875	1.89875
2551	1510	1277	400	0.264901	0.313234
2552	1448	1448	200	0.138122	0.138122
2553	3082	2621	2181	0.707657	0.832125
2554	4042	3062	880	0.217714	0.287394
2555	2936	2000	880	0.299728	0.44
2556	2555	0	0	0	0
2557	2363	2363	420	0.17774	0.17774
2558	1365	1365	425	0.311355	0.311355
2559	3025	3025	1289	0.426116	0.426116
2560	2987	2987	2200	0.736525	0.736525
2561	1597	597	297	0.185974	0.497487
2562	1979	629	440	0.222335	0.699523
2563	1709	1698	2860	1.67349	1.68433
2564	2592	2592	1103	0.42554	0.42554
2565	2843	2843	1320	0.464298	0.464298
2566	2257	2257	1236	0.54763	0.54763
2567	2176	710	0	0	0
2568	3524	3159	5791	1.6433	1.83318
2569	2001	1506	440	0.21989	0.292165
2570	2978	1978	1353	0.454332	0.684024
2571	2550	1036	200	0.0784314	0.19305
2572	2432	2432	880	0.361842	0.361842
2573	2816	2816	1029	0.365412	0.365412
2574	2372	2372	1950	0.822091	0.822091
2575	2384	1384	324	0.135906	0.234104
2576	2260	2260	422	0.186726	0.186726
2577	2380	2380	700	0.294118	0.294118
2578	1927	0	0	0	0
2579	3007	0	0	0	0
2580	2435	2435	671	0.275565	0.275565
